StationID,B,Bw,Bh,G,Gw,Gh,S,Sw,Sh
500201001,1389,641,748,7496,5394,2102,26,0,26
500201002,689,357,332,8222,5678,2544,0,0,0
500201003,1203,602,601,7708,5433,2275,0,0,0
500201004,2113,1690,423,6798,4345,2453,0,0,0
500201005,1523,627,896,7272,5346,1926,116,62,54
500201006,781,298,483,8130,5737,2393,0,0,0
500201007,2153,1262,891,6746,4773,1973,12,0,12
500201008,3984,3058,926,4927,2977,1950,0,0,0
500201009,1710,1153,557,7201,4882,2319,0,0,0
500201010,737,306,431,8147,5729,2418,27,0,27
500201011,2925,2026,899,5986,4009,1977,0,0,0
500201012,530,46,484,8381,5989,2392,0,0,0
500201013,1455,767,688,7419,5264,2155,37,4,33
500201014,2573,1421,1152,6338,4614,1724,0,0,0
500202001,4459,3024,1435,4429,2988,1441,4480,3045,1435
500202002,592,576,16,7992,5132,2860,327,327,0
500202003,2698,2093,605,6213,3942,2271,0,0,0
500202004,340,190,150,8571,5845,2726,0,0,0
500203001,1331,1039,292,7410,4864,2546,170,132,38
500203002,1878,1412,466,6865,4493,2372,168,130,38
500203003,1626,1257,369,7153,4734,2419,132,44,88
500203004,1094,584,510,7592,5310,2282,225,141,84
500203005,952,548,404,7864,5398,2466,95,89,6
500203006,1066,819,247,7788,5180,2608,57,36,21
500203007,852,537,315,8057,5498,2559,2,0,2
500203008,1210,836,374,7667,5183,2484,34,16,18
500203009,1237,1078,159,7274,4793,2481,400,164,236
500203010,990,784,206,7836,5166,2670,85,85,0
500203011,1257,946,311,7515,4994,2521,139,95,44
500203012,1503,1208,295,7408,4827,2581,0,0,0
500203013,680,600,80,8206,5412,2794,25,23,2
500203014,2283,1775,508,6344,4067,2277,284,193,91
500203015,1739,1372,367,7169,4660,2509,3,3,0
500203016,582,394,188,8263,5613,2650,66,28,38
500203017,752,600,152,8105,5381,2724,54,54,0
500203018,1560,1211,349,7310,4783,2527,41,41,0
500203019,2181,1655,526,6485,4243,2242,245,137,108
500203020,1502,1113,389,7338,4899,2439,71,23,48
500203021,1081,847,234,7800,5161,2639,30,27,3
500203022,1679,1458,221,7213,4577,2636,19,0,19
500203023,1587,1367,220,7226,4595,2631,98,73,25
500203024,6599,4571,2028,2294,1464,830,18,0,18
500203025,1581,1062,519,7284,4973,2311,46,0,46
500203026,1155,779,376,7748,5248,2500,8,8,0
500203027,1527,1212,315,7325,4801,2524,59,22,37
500203028,1517,1169,348,7292,4825,2467,102,41,61
500203029,1439,1122,317,7377,4904,2473,95,9,86
500203030,1312,1037,275,7239,4754,2485,360,244,116
500203031,791,583,208,7992,5324,2668,128,128,0
500203032,8911,6035,2876,0,0,0,0,0,0
500203033,1359,1042,317,7358,4929,2429,194,64,130
500203034,2350,1761,589,6318,4140,2178,243,134,109
500203035,1283,811,472,7553,5171,2382,75,53,22
500203036,1193,996,197,7542,4931,2611,176,108,68
500203037,649,431,218,8088,5547,2541,174,57,117
500203038,1126,821,305,7710,5149,2561,75,65,10
500203039,1574,1178,396,7257,4810,2447,80,47,33
500203040,817,673,144,8054,5341,2713,40,21,19
500203041,868,755,113,7936,5266,2670,107,14,93
500203042,8911,6035,2876,0,0,0,0,0,0
500203043,1410,1140,270,7461,4860,2601,40,35,5
500203044,8911,6035,2876,0,0,0,8911,6035,2876
500203045,3082,1907,1175,5749,4076,1673,80,52,28
500203046,1696,1369,327,7179,4630,2549,36,36,0
500203047,2131,1405,726,6767,4617,2150,13,13,0
500203048,1996,1451,545,6878,4566,2312,37,18,19
500203049,1355,1178,177,7402,4713,2689,154,144,10
500203050,930,849,81,7791,5070,2721,190,116,74
500203051,8823,5947,2876,88,88,0,8725,5849,2876
500203052,589,313,276,8164,5586,2578,158,136,22
500203053,1241,1066,175,7660,4969,2691,10,0,10
500203054,1131,987,144,7526,4794,2732,254,254,0
500203055,784,578,206,8127,5457,2670,0,0,0
500203056,1933,1754,179,6978,4281,2697,0,0,0
500203057,1529,1021,508,7350,5014,2336,32,0,32
500203058,991,924,67,7807,5017,2790,113,94,19
500203059,785,581,204,8097,5442,2655,29,12,17
500203060,1591,1192,399,6998,4640,2358,322,203,119
500203061,1352,1012,340,7559,5023,2536,0,0,0
500203062,849,604,245,8035,5414,2621,27,17,10
500203063,1360,1018,342,7483,4966,2517,68,51,17
500203064,507,374,133,8293,5550,2743,111,111,0
500203065,212,108,104,8634,5927,2707,65,0,65
500203066,1029,753,276,7871,5282,2589,11,0,11
500203067,1483,1028,455,7170,4801,2369,258,206,52
500203068,1331,1216,115,7544,4784,2760,36,35,1
500203069,1922,1439,483,6867,4498,2369,122,98,24
500203070,1134,1099,35,7775,4936,2839,2,0,2
500203071,1126,1004,122,7785,5031,2754,0,0,0
500203072,3510,2597,913,5045,3118,1927,356,320,36
500203073,1100,797,303,7626,5128,2498,185,110,75
500203074,1716,1432,284,7143,4566,2577,52,37,15
500203075,1669,1258,411,7056,4621,2435,186,156,30
500203076,2743,1900,843,5906,3931,1975,262,204,58
500203077,2805,2009,796,5880,3887,1993,226,139,87
500203078,3479,2556,923,5208,3356,1852,224,123,101
500203079,1141,1027,114,7688,4967,2721,82,41,41
500203080,818,521,297,8081,5508,2573,12,6,6
500203081,2302,1745,557,6562,4254,2308,47,36,11
500203082,1138,1031,107,7723,4960,2763,50,44,6
500203083,1434,871,563,7408,5130,2278,69,34,35
500203084,5334,3372,1962,3526,2624,902,93,81,12
500203085,651,403,248,8257,5632,2625,3,0,3
500203086,413,308,105,8407,5636,2771,91,91,0
500203087,339,232,107,8468,5732,2736,104,71,33
500203088,1760,1184,576,7132,4841,2291,19,10,9
500203089,161,68,93,8743,5960,2783,7,7,0
500203091,620,322,298,8078,5606,2472,213,107,106
500203092,1734,1212,522,7041,4717,2324,136,106,30
500203094,1210,1051,159,7570,4919,2651,131,65,66
500203095,889,581,308,7992,5441,2551,30,13,17
500203096,597,587,10,8055,5296,2759,259,152,107
500203097,1588,1232,356,7223,4713,2510,100,90,10
500203098,2215,1879,336,6696,4156,2540,0,0,0
500203099,1423,936,487,7488,5099,2389,0,0,0
500203102,1098,909,189,7731,5074,2657,82,52,30
500205001,1255,1036,219,7656,4999,2657,0,0,0
500205002,1714,1287,427,7000,4679,2321,388,260,128
500205003,286,214,72,8603,5800,2803,22,21,1
500205004,475,402,73,8409,5627,2782,27,6,21
500205005,384,194,190,8261,5575,2686,266,266,0
500205006,1269,1017,252,7530,5012,2518,112,6,106
500205007,354,183,171,8157,5753,2404,400,99,301
500205008,1290,1155,135,7614,4874,2740,7,6,1
500205009,1848,1377,471,6958,4553,2405,105,105,0
500205010,1621,1287,334,7236,4695,2541,54,53,1
500205011,1921,1047,874,6990,4988,2002,0,0,0
500205012,1453,1046,407,7458,4989,2469,0,0,0
500205013,1705,1297,408,7187,4727,2460,19,11,8
500205014,271,203,68,8640,5832,2808,0,0,0
500205015,1717,1340,377,7097,4654,2443,97,41,56
500205016,273,169,104,8584,5841,2743,54,25,29
500205017,117,0,117,8794,6035,2759,0,0,0
500205018,1059,816,243,7660,5147,2513,192,72,120
500205019,0,0,0,8886,6010,2876,25,25,0
500205020,507,265,242,8297,5718,2579,107,52,55
500205021,6,0,6,8880,6010,2870,25,25,0
500205022,1520,1167,353,7381,4858,2523,10,10,0
500205023,1351,880,471,7560,5155,2405,0,0,0
500205024,569,373,196,8342,5662,2680,0,0,0
500205025,871,658,213,7951,5288,2663,89,89,0
500205026,1667,1059,608,7148,4880,2268,96,96,0
500205027,2434,1440,994,6450,4577,1873,27,18,9
500205028,1173,883,290,7494,4935,2559,244,217,27
500205029,2126,1302,824,6734,4682,2052,51,51,0
500205030,1889,1375,514,6852,4490,2362,170,170,0
500205031,622,274,348,8036,5612,2424,253,149,104
500205032,1211,762,449,7643,5225,2418,57,48,9
500205033,254,163,91,8622,5837,2785,35,35,0
500205034,1015,722,293,7896,5313,2583,0,0,0
500205035,1424,1101,323,7413,4860,2553,74,74,0
500205036,867,639,228,7959,5367,2592,85,29,56
500205037,1870,1474,396,6497,4360,2137,544,201,343
500205038,654,510,144,8231,5514,2717,26,11,15
500205039,1313,650,663,7510,5357,2153,88,28,60
500205040,101,36,65,8665,5854,2811,145,145,0
500205041,329,100,229,8260,5653,2607,322,282,40
500205042,248,74,174,8638,5936,2702,25,25,0
500205043,350,170,180,8547,5860,2687,14,5,9
500205044,4705,3513,1192,4206,2522,1684,4649,3501,1148
500205045,248,106,142,8632,5907,2725,31,22,9
500205046,685,638,47,8226,5397,2829,0,0,0
500205047,1133,950,183,7731,5078,2653,47,7,40
500205048,54,44,10,8834,5968,2866,23,23,0
500205049,264,110,154,8599,5911,2688,48,14,34
500205050,1234,1056,178,7378,4811,2567,299,168,131
500205051,433,432,1,8427,5552,2875,51,51,0
500205052,31,31,0,8860,5984,2876,20,20,0
500205053,406,380,26,8473,5623,2850,32,32,0
500205054,948,752,196,7938,5258,2680,25,25,0
500205055,836,643,193,7998,5353,2645,77,39,38
500205056,55,55,0,8829,5965,2864,27,15,12
500205057,210,208,2,8628,5760,2868,73,67,6
500205058,44,44,0,8867,5991,2876,0,0,0
500205059,259,194,65,8621,5812,2809,31,29,2
500205060,74,27,47,8825,5999,2826,12,9,3
500205061,663,367,296,8201,5639,2562,47,29,18
500205062,1484,792,692,7427,5243,2184,0,0,0
500205063,258,60,198,8653,5975,2678,0,0,0
500205064,150,84,66,8730,5922,2808,31,29,2
500205065,1336,789,547,7575,5246,2329,0,0,0
500206001,2564,1951,613,6347,4084,2263,0,0,0
500206002,2861,2044,817,5865,3847,2018,185,144,41
500206003,2346,1611,735,6564,4423,2141,1,1,0
500206004,2277,1715,562,6632,4318,2314,2,2,0
500206005,1166,762,404,5533,3777,1756,2212,1496,716
500206006,3958,2404,1554,4953,3631,1322,0,0,0
500206007,2644,1697,947,6267,4338,1929,0,0,0
500206008,1335,945,390,7564,5078,2486,12,12,0
500206009,1724,1369,355,7175,4659,2516,12,7,5
500206010,2535,2052,483,6376,3983,2393,0,0,0
500206011,1715,1367,348,6883,4511,2372,313,157,156
500206012,3263,2222,1041,5646,3811,1835,2,2,0
500206013,1691,1308,383,7220,4727,2493,0,0,0
500206014,3334,2504,830,5408,3472,1936,169,59,110
500206015,1535,1346,189,7376,4689,2687,0,0,0
500206016,3303,2798,505,5534,3237,2297,74,0,74
500206017,1100,279,821,7678,5643,2035,133,113,20
500206018,2373,1849,524,6426,4171,2255,112,15,97
500206019,1311,919,392,7536,5100,2436,64,16,48
500206020,1745,1168,577,7161,4862,2299,5,5,0
500206021,1452,910,542,6690,4562,2128,769,563,206
500206022,1672,1365,307,7156,4651,2505,83,19,64
500206023,2400,1384,1016,6511,4651,1860,0,0,0
500206024,1185,803,382,7686,5213,2473,40,19,21
500206025,2677,2091,586,6134,3916,2218,100,28,72
500206026,2438,1695,743,6473,4340,2133,0,0,0
500206027,1428,824,604,7107,4929,2178,376,282,94
500206028,1763,1248,515,7147,4786,2361,1,1,0
500206029,2002,1334,668,6408,4303,2105,501,398,103
500206030,3577,2475,1102,5334,3560,1774,0,0,0
500206031,1721,1184,537,6909,4636,2273,281,215,66
500206032,1366,989,377,7545,5046,2499,0,0,0
500206033,2595,1584,1011,6209,4344,1865,107,107,0
500206034,1853,1365,488,6391,4298,2093,667,372,295
500206035,4274,3419,855,4610,2603,2007,27,13,14
500206036,2379,1600,779,6428,4341,2087,104,94,10
500206037,1807,1607,200,7104,4428,2676,0,0,0
500206038,1909,1349,560,6861,4605,2256,141,81,60
500206039,2398,1576,822,6467,4414,2053,46,45,1
500206040,2039,1530,509,6869,4505,2364,3,0,3
500206041,3264,2314,950,5351,3494,1857,296,227,69
500206042,1615,1219,396,6616,4337,2279,680,479,201
500206043,2436,1786,650,6365,4174,2191,110,75,35
500206044,1976,1236,740,6935,4799,2136,0,0,0
500206046,558,399,159,8297,5580,2717,56,56,0
500206047,2967,2120,847,5778,3845,1933,166,70,96
500206048,1166,768,398,7568,5093,2475,177,174,3
500206049,1762,1401,361,7143,4628,2515,6,6,0
500206050,4646,3338,1308,4265,2697,1568,0,0,0
500206051,1691,1232,459,7182,4803,2379,38,0,38
500206052,4337,3194,1143,4565,2832,1733,9,9,0
500206053,4104,2746,1358,4576,3200,1376,231,89,142
500206054,2887,1970,917,5747,3851,1896,277,214,63
500206056,1581,1231,350,7167,4668,2499,163,136,27
500206057,660,331,329,8228,5696,2532,23,8,15
500206058,295,124,171,8610,5905,2705,6,6,0
500206059,2441,1920,521,6083,3833,2250,387,282,105
500206060,1265,896,369,7280,4892,2388,366,247,119
500206061,1282,719,563,7565,5268,2297,64,48,16
500206062,1331,978,353,7580,5057,2523,0,0,0
500206063,6623,4432,2191,2288,1603,685,0,0,0
500206064,2741,2157,584,5473,3354,2119,697,524,173
500206065,2739,2018,721,5383,3520,1863,789,497,292
500206066,2278,1726,552,6633,4309,2324,0,0,0
500206067,1670,1378,292,7134,4612,2522,107,45,62
500206068,1708,1257,451,6865,4644,2221,338,134,204
500206069,1524,1061,463,7207,4849,2358,180,125,55
500206070,2690,2089,601,5532,3339,2193,689,607,82
500206071,2045,1357,688,6864,4676,2188,2,2,0
500206072,1540,1029,511,7286,4940,2346,85,66,19
500206074,2479,1748,731,6426,4287,2139,6,0,6
500206075,1213,976,237,7629,5050,2579,69,9,60
500207001,1424,921,503,7481,5108,2373,6,6,0
500207002,1102,740,362,7703,5194,2509,106,101,5
500207003,2151,1713,438,6704,4266,2438,56,56,0
500207004,4014,2787,1227,4897,3248,1649,0,0,0
500207005,2523,1799,724,6227,4176,2051,161,60,101
500207006,1058,643,415,7850,5389,2461,3,3,0
500207007,1792,1335,457,6838,4514,2324,281,186,95
500207008,1937,1537,400,6384,4007,2377,590,491,99
500207009,1669,1341,328,7242,4694,2548,0,0,0
500207010,1525,1124,401,7102,4657,2445,284,254,30
500207011,3274,2647,627,5415,3219,2196,222,169,53
500207012,1225,958,267,7683,5074,2609,3,3,0
500207013,727,333,394,8175,5693,2482,9,9,0
500207014,1729,991,738,7170,5044,2126,12,0,12
500207015,1374,991,383,7210,4794,2416,327,250,77
500207016,1574,1080,494,7305,4925,2380,32,30,2
500207017,1982,1734,248,6849,4243,2606,80,58,22
500207018,2042,1514,528,6672,4324,2348,197,197,0
500207019,981,578,403,7901,5448,2453,29,9,20
500207020,2311,1797,514,6427,4065,2362,173,173,0
500207021,2123,1378,745,6784,4653,2131,4,4,0
500207022,528,395,133,8323,5612,2711,60,28,32
500207023,1761,956,805,6759,4688,2071,391,391,0
500207024,917,679,238,7994,5356,2638,0,0,0
500207025,1239,788,451,7544,5170,2374,128,77,51
500207026,1037,733,304,7756,5194,2562,118,108,10
500207027,1153,960,193,7577,4970,2607,181,105,76
500207028,1018,824,194,7815,5156,2659,78,55,23
500207029,2553,1662,891,6128,4176,1952,230,197,33
500207030,2251,1506,745,6367,4380,1987,293,149,144
500207031,1118,897,221,7773,5130,2643,20,8,12
500207032,1067,653,414,7763,5329,2434,81,53,28
500207033,2660,1716,944,6029,4112,1917,222,207,15
500207034,922,722,200,7870,5249,2621,119,64,55
500207035,2413,1489,924,6343,4444,1899,155,102,53
500207036,1504,907,597,7313,5034,2279,94,94,0
500207037,1651,1244,407,7260,4791,2469,0,0,0
500207038,1434,1211,223,7441,4799,2642,36,25,11
500207039,710,428,282,8168,5607,2561,33,0,33
500207040,601,119,482,8304,5910,2394,6,6,0
500207041,1506,1073,433,7398,4960,2438,7,2,5
500207042,2551,1709,842,6226,4254,1972,134,72,62
500207043,2223,1502,721,6466,4363,2103,222,170,52
500207044,2365,1671,694,6414,4364,2050,132,0,132
500207045,1468,1170,298,7092,4637,2455,351,228,123
500207046,2031,1281,750,6510,4692,1818,370,62,308
500207047,2198,1530,668,6003,4134,1869,710,371,339
500207048,1686,1250,436,6861,4548,2313,364,237,127
500207049,1823,1176,647,6843,4667,2176,245,192,53
500207050,1425,1184,241,7166,4721,2445,320,130,190
500207051,1122,880,242,7676,5124,2552,113,31,82
500207052,1463,1272,191,7297,4736,2561,151,27,124
500207053,912,276,636,7956,5724,2232,43,35,8
500207054,770,663,107,8041,5272,2769,100,100,0
500207055,2820,1991,829,5845,3880,1965,246,164,82
500207057,1476,1209,267,7343,4767,2576,92,59,33
500207058,1793,1133,660,6657,4445,2212,461,457,4
500207059,1318,910,408,7423,4987,2436,170,138,32
500207060,822,564,258,7937,5319,2618,152,152,0
500207061,863,646,217,7940,5304,2636,108,85,23
500207062,2774,2063,711,6002,3864,2138,135,108,27
500207063,1559,1078,481,6976,4695,2281,376,262,114
500207064,2636,1879,757,5350,3377,1973,925,779,146
500207065,1589,1229,360,7045,4672,2373,277,134,143
500207066,1206,838,368,7545,5167,2378,160,30,130
500207067,1015,585,430,7766,5353,2413,130,97,33
500207068,765,522,243,7917,5387,2530,229,126,103
500207069,2368,1675,693,6416,4268,2148,127,92,35
500207070,2050,1384,666,6616,4469,2147,245,182,63
500207071,986,869,117,7795,5104,2691,130,62,68
500207072,367,261,106,8385,5630,2755,159,144,15
500207073,2475,1674,801,6074,4067,2007,362,294,68
500207074,2312,1573,739,6403,4266,2137,196,196,0
500207075,1873,1284,589,7027,4740,2287,11,11,0
500207076,1930,1180,750,6977,4851,2126,4,4,0
500207077,1586,1157,429,6616,4295,2321,709,583,126
500207078,1001,788,213,7616,4953,2663,294,294,0
500207079,348,194,154,8418,5696,2722,145,145,0
500207080,1525,1025,500,7159,4792,2367,227,218,9
500207081,1899,1239,660,6892,4711,2181,120,85,35
500207082,1396,1188,208,7335,4669,2666,180,178,2
500207083,0,0,0,8901,6025,2876,10,10,0
500207084,2548,1721,827,5814,3790,2024,549,524,25
500207086,1142,960,182,7679,5060,2619,90,15,75
500207087,1132,809,323,7750,5205,2545,29,21,8
500207088,1913,1290,623,6830,4642,2188,168,103,65
500207089,2470,1761,709,6109,4083,2026,332,191,141
500207090,1551,1221,330,6640,4285,2355,720,529,191
500207091,796,503,293,8101,5518,2583,14,14,0
500207092,2161,1672,489,6649,4304,2345,101,59,42
500207093,1527,1201,326,7277,4752,2525,107,82,25
500207094,695,578,117,8100,5397,2703,116,60,56
500209001,413,84,329,8498,5951,2547,0,0,0
500209002,308,115,193,8565,5885,2680,38,35,3
500209003,1201,924,277,7384,4867,2517,326,244,82
500209004,897,450,447,8014,5585,2429,0,0,0
500209005,862,539,323,8029,5476,2553,20,20,0
500209006,2169,1718,451,6733,4317,2416,9,0,9
500209007,1707,1235,472,7052,4686,2366,152,114,38
500209008,0,0,0,7971,5407,2564,940,628,312
500209009,475,352,123,8371,5653,2718,65,30,35
500209010,2072,1576,496,6748,4368,2380,91,91,0
500209011,8911,6035,2876,0,0,0,0,0,0
500209012,739,525,214,8172,5510,2662,0,0,0
500209013,1047,668,379,7864,5367,2497,0,0,0
500209014,863,430,433,7964,5525,2439,84,80,4
500209015,471,412,59,8436,5619,2817,4,4,0
500209016,1036,858,178,7784,5099,2685,91,78,13
500209017,1486,1026,460,7288,4888,2400,137,121,16
500209018,1315,1171,144,7596,4864,2732,0,0,0
500209019,188,59,129,8677,5975,2702,46,1,45
500209020,1214,472,742,7656,5522,2134,41,41,0
500209021,1416,1272,144,7493,4761,2732,2,2,0
500209022,242,70,172,8541,5905,2636,128,60,68
500209023,1938,1292,646,6896,4677,2219,77,66,11
500209025,6,6,0,8905,6029,2876,0,0,0
500210001,1876,1590,286,6992,4402,2590,43,43,0
500210002,942,640,302,7830,5300,2530,139,95,44
500210003,2250,1602,648,6338,4231,2107,323,202,121
500210004,3223,2329,894,5688,3706,1982,0,0,0
500210005,1441,925,516,7307,4975,2332,163,135,28
500210006,1590,1353,237,7315,4676,2639,6,6,0
500210007,1116,754,362,7690,5224,2466,105,57,48
500210008,2171,1459,712,6579,4456,2123,161,120,41
500210009,2169,1559,610,6742,4476,2266,0,0,0
500210010,2251,1641,610,6559,4301,2258,101,93,8
500210011,3672,2463,1209,5239,3572,1667,0,0,0
500210012,1613,1091,522,7081,4842,2239,217,102,115
500210013,1580,1099,481,7268,4882,2386,63,54,9
500210014,2661,1858,803,6239,4166,2073,11,11,0
500210015,1417,1016,401,7157,4770,2387,337,249,88
500210016,1861,1344,517,6816,4508,2308,234,183,51
500210017,2811,2190,621,6097,3845,2252,3,0,3
500210018,741,502,239,7784,5188,2596,386,345,41
500210019,1137,755,382,7763,5273,2490,11,7,4
500210020,1009,701,308,7823,5265,2558,79,69,10
500210021,2473,1855,618,6291,4066,2225,147,114,33
500210022,1426,1022,404,7244,4967,2277,241,46,195
500210023,1595,1117,478,7316,4918,2398,0,0,0
500210024,4074,2943,1131,4159,2702,1457,678,390,288
500210025,3424,2973,451,5361,3060,2301,126,2,124
500210026,1581,972,609,7214,4956,2258,116,107,9
500210027,2891,2277,614,5677,3464,2213,343,294,49
500210028,1450,1090,360,7380,4864,2516,81,81,0
500210029,1148,857,291,7221,4917,2304,542,261,281
500210030,1392,898,494,7020,4859,2161,499,278,221
500210031,1824,1517,307,6970,4439,2531,117,79,38
500210032,1322,888,434,7371,5000,2371,218,147,71
500210033,1174,985,189,7278,4757,2521,459,293,166
500210034,8911,6035,2876,0,0,0,0,0,0
500210035,2685,1816,869,6106,4151,1955,120,68,52
500210036,2401,1630,771,6294,4191,2103,216,214,2
500210037,1807,1382,425,7031,4606,2425,73,47,26
500210038,1608,1267,341,7110,4735,2375,193,33,160
500210039,2507,1914,593,6079,3894,2185,325,227,98
500210040,1948,1422,526,6682,4427,2255,281,186,95
500210041,3731,2750,981,5061,3166,1895,119,119,0
500210042,1200,907,293,7368,4890,2478,343,238,105
500210043,4602,3260,1342,4309,2775,1534,0,0,0
500210044,4593,3427,1166,3708,2231,1477,610,377,233
500210045,4696,3345,1351,3924,2585,1339,291,105,186
500210046,2959,2133,826,5561,3805,1756,391,97,294
500210047,3636,2560,1076,5158,3358,1800,117,117,0
500210048,1808,1420,388,6813,4469,2344,290,146,144
500210049,2595,2236,359,6217,3766,2451,99,33,66
500210050,1706,1062,644,6650,4479,2171,555,494,61
500210051,1433,1164,269,7263,4748,2515,215,123,92
500211001,4573,3079,1494,4338,2956,1382,4457,3022,1435
500212001,6385,4404,1981,2526,1631,895,4458,3022,1436
500212002,4472,3029,1443,2981,1866,1115,5916,4162,1754
500214001,121,121,0,8645,5769,2876,145,145,0
500214002,342,190,152,8445,5725,2720,124,120,4
500214003,440,382,58,8227,5502,2725,244,151,93
500214004,877,771,106,7867,5140,2727,167,124,43
500214005,561,375,186,8294,5618,2676,56,42,14
500214006,1692,1487,205,6964,4446,2518,255,102,153
500214007,209,149,60,8681,5867,2814,21,19,2
500214008,1022,946,76,7597,4830,2767,292,259,33
500214009,1432,1196,236,7354,4727,2627,125,112,13
500214010,1212,1020,192,7659,4976,2683,40,39,1
500214011,790,685,105,7942,5210,2732,179,140,39
500214012,1294,1036,258,7419,4878,2541,198,121,77
500214013,968,859,109,7909,5144,2765,34,32,2
500214014,871,794,77,7994,5225,2769,46,16,30
500214015,279,194,85,8569,5824,2745,63,17,46
500214016,223,159,64,8413,5721,2692,275,155,120
500214017,1812,1286,526,6832,4577,2255,267,172,95
500214018,194,155,39,8646,5809,2837,71,71,0
500214019,1397,1204,193,7358,4675,2683,156,156,0
500214020,387,252,135,8307,5722,2585,217,61,156
500214021,528,368,160,7968,5259,2709,415,408,7
500214022,666,613,53,8073,5345,2728,172,77,95
500214023,276,163,113,8301,5605,2696,334,267,67
500214024,170,42,128,8719,5971,2748,22,22,0
500214025,0,0,0,8911,6035,2876,0,0,0
500214026,8911,6035,2876,0,0,0,0,0,0
500214027,2605,1911,694,6083,3916,2167,223,208,15
500214028,806,581,225,7440,4936,2504,665,518,147
500214029,562,526,36,7833,5061,2772,516,448,68
500214030,249,152,97,8661,5882,2779,1,1,0
500214031,294,277,17,8611,5752,2859,6,6,0
500214032,2797,2503,294,6114,3532,2582,0,0,0
500214033,321,321,0,8438,5603,2835,152,111,41
500214034,1757,1219,538,7032,4695,2337,122,121,1
500214035,68,65,3,8802,5929,2873,41,41,0
500214036,482,430,52,8358,5568,2790,71,37,34
500214037,1018,894,124,7424,4692,2732,469,449,20
500214038,849,595,254,8019,5397,2622,43,43,0
500214039,813,674,139,7507,4873,2634,591,488,103
500214040,435,349,86,8471,5686,2785,5,0,5
500214041,901,685,216,7880,5254,2626,130,96,34
500214042,1122,838,284,7556,5115,2441,233,82,151
500214043,862,772,90,7826,5063,2763,223,200,23
500214044,1440,984,456,7399,4979,2420,72,72,0
500214045,368,227,141,8208,5684,2524,335,124,211
500214046,1436,1086,350,6943,4611,2332,532,338,194
500214048,549,463,86,8252,5522,2730,110,50,60
500214049,1418,1140,278,7399,4801,2598,94,94,0
500214050,336,114,222,8567,5913,2654,8,8,0
500214051,1564,898,666,7249,5039,2210,98,98,0
500214052,598,587,11,8278,5448,2830,35,0,35
500214053,1629,1032,597,6810,4567,2243,472,436,36
500214054,51,51,0,8847,5971,2876,13,13,0
500214055,1865,1445,420,6710,4348,2362,336,242,94
500214056,209,192,17,8670,5811,2859,32,32,0
500214057,1070,1012,58,7834,5016,2818,7,7,0
500214059,490,480,10,8088,5291,2797,333,264,69
500214060,622,515,107,7715,5162,2553,574,358,216
500214062,606,455,151,7617,5088,2529,688,492,196
500215001,1591,1045,546,7320,4990,2330,0,0,0
500215002,876,620,256,8035,5415,2620,0,0,0
500215003,1503,475,1028,7408,5560,1848,0,0,0
500215004,523,138,385,8388,5897,2491,0,0,0
500215005,4456,3021,1435,4455,3014,1441,4456,3021,1435
500215006,41,40,1,8858,5995,2863,12,0,12
500215007,367,165,202,8544,5870,2674,0,0,0
500216001,1318,1039,279,7415,4854,2561,178,142,36
500216002,635,387,248,7962,5439,2523,314,209,105
500216003,299,293,6,8368,5553,2815,244,189,55
500216004,483,436,47,8203,5467,2736,225,132,93
500216005,726,627,99,7860,5210,2650,325,198,127
500216006,984,570,414,7705,5352,2353,222,113,109
500216007,545,417,128,7780,5186,2594,586,432,154
500216008,1631,788,843,7061,5065,1996,219,182,37
500216009,277,173,104,8582,5846,2736,52,16,36
500216010,1557,595,962,7217,5326,1891,137,114,23
500216011,864,663,201,7872,5209,2663,175,163,12
500216012,165,77,88,8663,5914,2749,83,44,39
500216013,3052,2238,814,5399,3451,1948,460,346,114
500216014,579,426,153,8325,5609,2716,7,0,7
500216015,629,543,86,8133,5441,2692,149,51,98
500216016,850,629,221,7912,5257,2655,149,149,0
500216017,395,315,80,8358,5588,2770,158,132,26
500216018,67,67,0,8805,5940,2865,39,28,11
500216019,600,442,158,8157,5501,2656,154,92,62
500216020,1950,1466,484,6733,4399,2334,228,170,58
500216021,1633,1209,424,6887,4559,2328,391,267,124
500216022,583,415,168,8163,5550,2613,165,70,95
500216023,948,838,110,7774,5037,2737,189,160,29
500216024,24,3,21,8762,5955,2807,125,77,48
500216025,1452,899,553,6920,4730,2190,539,406,133
500216026,1068,950,118,7729,5070,2659,114,15,99
500216027,456,431,25,7849,5279,2570,606,325,281
500216028,1439,934,505,7378,5019,2359,94,82,12
500216029,1248,993,255,7507,4913,2594,156,129,27
500216030,6068,4338,1730,2843,1697,1146,0,0,0
500216031,1080,789,291,7113,4734,2379,718,512,206
500216032,1897,1574,323,6531,4254,2277,483,207,276
500216033,1042,765,277,7601,5104,2497,268,166,102
500216034,2381,1525,856,6490,4490,2000,40,20,20
500216035,601,488,113,8020,5290,2730,290,257,33
500216036,823,746,77,8012,5239,2773,76,50,26
500216037,507,270,237,8364,5725,2639,40,40,0
500216038,1769,1261,508,6997,4724,2273,145,50,95
500216039,685,576,109,8119,5364,2755,107,95,12
500216040,752,641,111,7232,4594,2638,927,800,127
500216041,394,378,16,8373,5528,2845,144,129,15
500216043,56,55,1,8819,5977,2842,36,3,33
500216044,794,498,296,8039,5459,2580,78,78,0
500216045,771,590,181,8128,5444,2684,12,1,11
500216046,888,735,153,7846,5200,2646,177,100,77
500216047,530,380,150,8349,5643,2706,32,12,20
500216048,989,746,243,7855,5250,2605,67,39,28
500216049,1185,851,334,7693,5174,2519,33,10,23
500216050,1238,978,260,7546,4980,2566,127,77,50
500216051,1076,909,167,7762,5115,2647,73,11,62
500216052,502,439,63,8326,5513,2813,83,83,0
500216053,1582,670,912,7329,5365,1964,0,0,0
500216054,200,148,52,8592,5827,2765,119,60,59
500216055,204,142,62,8657,5843,2814,50,50,0
500216056,1016,854,162,7423,4921,2502,472,260,212
500216057,181,73,108,8594,5942,2652,136,20,116
500216058,273,159,114,8617,5855,2762,21,21,0
500216059,627,540,87,8284,5495,2789,0,0,0
500216060,387,301,86,8484,5694,2790,40,40,0
500216061,459,281,178,8111,5514,2597,341,240,101
500216062,253,184,69,8599,5795,2804,59,56,3
500216063,4,4,0,8670,5794,2876,237,237,0
500216064,103,100,3,8808,5935,2873,0,0,0
500217001,4520,3054,1466,4391,2981,1410,4457,3021,1436
500217002,4468,3027,1441,4443,3008,1435,4457,3021,1436
500217003,5732,3916,1816,3179,2119,1060,4457,3021,1436
500218001,5535,3806,1729,3356,2213,1143,2221,1476,745
500218002,5524,3734,1790,3377,2291,1086,2222,1391,831
500218004,3101,2357,744,5711,3670,2041,99,8,91
500218005,2559,1960,599,6250,4031,2219,102,44,58
500218006,3616,2590,1026,5284,3434,1850,11,11,0
500218007,647,444,203,7680,5108,2572,584,483,101
500218008,1977,1180,797,6881,4802,2079,53,53,0
500218009,1959,1349,610,6529,4307,2222,423,379,44
500218010,1628,1381,247,6913,4554,2359,370,100,270
500218011,1821,1391,430,7081,4636,2445,9,8,1
500218012,1468,1218,250,7443,4817,2626,0,0,0
500218013,1806,1473,333,7105,4562,2543,0,0,0
500218014,1030,699,331,7757,5215,2542,124,121,3
500218015,2901,2306,595,6008,3727,2281,2,2,0
500218016,1318,1093,225,7584,4942,2642,9,0,9
500218017,937,705,232,7974,5330,2644,0,0,0
500218018,1147,954,193,7748,5081,2667,16,0,16
500218019,1003,813,190,7738,5109,2629,170,113,57
500218020,1420,943,477,7388,4989,2399,103,103,0
500218021,2867,2303,564,5373,3310,2063,671,422,249
500218022,2343,1662,681,6419,4314,2105,149,59,90
500218023,1409,759,650,7252,5073,2179,250,203,47
500218024,1231,1074,157,7572,4919,2653,108,42,66
500218025,2714,1655,1059,6160,4348,1812,37,32,5
500218026,1301,851,450,7346,5052,2294,264,132,132
500218027,2466,2077,389,6233,3751,2482,212,207,5
500218028,3156,2101,1055,5292,3546,1746,463,388,75
500218029,3036,2272,764,5872,3760,2112,3,3,0
500218030,1966,1552,414,6834,4483,2351,111,0,111
500218031,1833,1294,539,7078,4741,2337,0,0,0
500218032,415,185,230,8424,5836,2588,72,14,58
500218033,2392,1776,616,6478,4240,2238,41,19,22
500218034,1370,1071,299,7358,4830,2528,183,134,49
500218035,2332,1758,574,6554,4260,2294,25,17,8
500218036,2297,1415,882,6579,4608,1971,35,12,23
500218037,2603,2079,524,6099,3855,2244,209,101,108
500218038,2593,2003,590,6277,4013,2264,41,19,22
500218039,1809,1490,319,7095,4538,2557,7,7,0
500218040,1882,1126,756,6984,4892,2092,45,17,28
500218041,2027,1608,419,6852,4402,2450,32,25,7
500218042,1332,1115,217,7579,4920,2659,0,0,0
500218043,2047,1506,541,6616,4389,2227,248,140,108
500218044,3183,2289,894,5677,3727,1950,51,19,32
500218045,3843,2838,1005,3614,2121,1493,1454,1076,378
500218046,5721,3734,1987,3172,2283,889,2209,1378,831
500218047,592,442,150,8310,5593,2717,9,0,9
500218048,1341,961,380,7570,5074,2496,0,0,0
500218049,2256,1494,762,6624,4510,2114,31,31,0
500218050,0,0,0,8911,6035,2876,0,0,0
500218051,1904,1423,481,6898,4531,2367,109,81,28
500218052,3352,2462,890,5463,3510,1953,96,63,33
500218053,2889,2261,628,5882,3691,2191,140,83,57
500218054,746,638,108,7882,5249,2633,283,148,135
500218055,3321,2325,996,5590,3710,1880,0,0,0
500218056,1395,873,522,7411,5110,2301,105,52,53
500218057,2261,1466,795,6062,4017,2045,588,552,36
500218058,1931,1552,379,6501,4061,2440,479,422,57
500218059,779,641,138,8132,5394,2738,0,0,0
500218060,626,457,169,7384,4761,2623,901,817,84
500218061,4032,2938,1094,4748,3024,1724,131,73,58
500218062,2596,2006,590,6315,4029,2286,0,0,0
500218063,3010,2165,845,5833,3827,2006,68,43,25
500218064,1742,1208,534,6951,4640,2311,218,187,31
500218065,1500,1178,322,7388,4851,2537,23,6,17
500218066,1720,1138,582,6989,4742,2247,202,155,47
500218067,1861,1265,596,6986,4754,2232,64,16,48
500218068,2365,2013,352,6458,4002,2456,88,20,68
500218069,1996,1467,529,6826,4479,2347,89,89,0
500218070,3298,2003,1295,5613,4032,1581,0,0,0
500218071,1833,1453,380,6586,4358,2228,492,224,268
500218072,2035,1601,434,6813,4419,2394,63,15,48
500218073,2143,1540,603,6630,4461,2169,138,34,104
500218074,1973,1554,419,6597,4246,2351,341,235,106
500218075,3038,2297,741,5847,3712,2135,26,26,0
500218076,1198,612,586,7035,4904,2131,678,519,159
500218077,2101,1583,518,6757,4412,2345,53,40,13
500218078,2134,1510,624,6709,4488,2221,68,37,31
500218079,2166,1575,591,6541,4287,2254,204,173,31
500218080,2015,1356,659,6849,4641,2208,47,38,9
500218081,2553,1939,614,6268,4006,2262,90,90,0
500218082,2119,1402,717,6718,4605,2113,74,28,46
500218083,1042,813,229,7777,5167,2610,92,55,37
500218084,2401,1838,563,6037,4015,2022,473,182,291
500218085,1764,1164,600,5818,3917,1901,1329,954,375
500218086,1684,1225,459,6509,4317,2192,718,493,225
500218087,1947,1185,762,6796,4760,2036,168,90,78
500218088,1621,1256,365,7231,4779,2452,59,0,59
500218089,1596,1257,339,7061,4549,2512,254,229,25
500218090,2147,1906,241,6764,4129,2635,0,0,0
500218091,2140,1727,413,5164,3217,1947,1607,1091,516
500218092,14,9,5,8778,5923,2855,119,103,16
500218093,1396,880,516,7101,4741,2360,414,414,0
500218094,3322,2758,564,5587,3277,2310,2,0,2
500218095,1548,984,564,6999,4748,2251,364,303,61
500218096,1980,1625,355,6320,4164,2156,611,246,365
500218097,4842,2494,2348,3987,3459,528,519,106,413
500218098,2033,1549,484,6708,4429,2279,170,57,113
500218099,1897,1413,484,6687,4486,2201,327,136,191
500218100,1050,726,324,7623,5101,2522,238,208,30
500218102,3883,2882,1001,5028,3153,1875,0,0,0
500218103,2033,1266,767,6740,4631,2109,138,138,0
500218104,2,2,0,8738,5862,2876,171,171,0
500218105,962,365,597,7908,5670,2238,41,0,41
500218106,958,739,219,6851,4296,2555,1102,1000,102
500218107,7,7,0,8904,6028,2876,0,0,0
500218108,2600,2100,500,5949,3720,2229,362,215,147
500218109,1915,1136,779,6603,4568,2035,393,331,62
500218110,293,236,57,8616,5799,2817,2,0,2
500218111,1538,1158,380,7325,4860,2465,48,17,31
500218113,1821,1369,452,6919,4530,2389,171,136,35
500218114,809,713,96,7938,5274,2664,164,48,116
500218115,1933,1332,601,6710,4483,2227,268,220,48
500218116,2885,1978,907,5876,3909,1967,150,148,2
500218117,1373,1017,356,6974,4551,2423,564,467,97
500218118,3179,2465,714,5699,3568,2131,33,2,31
500218119,1682,1388,294,6934,4379,2555,295,268,27
500218120,300,278,22,8611,5757,2854,0,0,0
500218121,2313,1769,544,6570,4238,2332,28,28,0
500218122,2568,1803,765,5817,3761,2056,526,471,55
500218123,2171,1529,642,6690,4456,2234,50,50,0
500218124,2571,2053,518,6250,3977,2273,90,5,85
500218126,1855,1407,448,7048,4628,2420,8,0,8
500218127,4881,3219,1662,3307,2166,1141,723,650,73
500218128,2823,2072,751,5581,3621,1960,507,342,165
500218129,2781,2446,335,5782,3501,2281,348,88,260
500218130,2356,1557,799,6292,4245,2047,263,233,30
500218131,2507,1663,844,6325,4293,2032,79,79,0
500218132,2527,1948,579,6292,4059,2233,92,28,64
500218133,2762,2121,641,5401,3364,2037,748,550,198
500218134,4667,3309,1358,3128,1803,1325,1116,923,193
500218135,3955,2967,988,3670,1949,1721,1286,1119,167
500218136,4106,2997,1109,3302,2063,1239,1503,975,528
500218137,2047,1696,351,6353,4150,2203,511,189,322
500218138,2183,1644,539,6656,4389,2267,72,2,70
500218139,1144,921,223,7757,5114,2643,10,0,10
500218140,2206,1742,464,6517,4202,2315,188,91,97
500218141,2938,2342,596,5319,3594,1725,654,99,555
500218142,724,517,207,6975,4756,2219,1212,762,450
500218143,832,244,588,7940,5695,2245,139,96,43
500218144,1886,1808,78,6785,4171,2614,240,56,184
500218145,1804,1367,437,6739,4331,2408,368,337,31
500218146,1451,1089,362,7243,4808,2435,217,138,79
500218148,3784,2544,1240,4874,3279,1595,253,212,41
500218149,2605,1785,820,5871,3899,1972,435,351,84
500218150,2199,1464,735,5649,3628,2021,1063,943,120
500218151,1136,925,211,7411,4840,2571,364,270,94
500218152,2968,2178,790,5796,3735,2061,147,122,25
500218153,1172,901,271,7524,4969,2555,215,165,50
500218154,4169,3044,1125,4465,2824,1641,277,167,110
500218155,863,663,200,8019,5351,2668,29,21,8
500218156,675,432,243,8236,5603,2633,0,0,0
500218157,1824,1451,373,6953,4483,2470,134,101,33
500218158,2045,1595,450,6765,4339,2426,101,101,0
500218159,1426,903,523,7485,5132,2353,0,0,0
500218160,3087,2209,878,4982,3293,1689,842,533,309
500218161,2720,1783,937,6112,4225,1887,79,27,52
500218162,3524,2362,1162,5139,3475,1664,248,198,50
500218163,1236,882,354,7507,5039,2468,168,114,54
500218164,376,376,0,7631,5125,2506,904,534,370
500218165,1921,1419,502,6374,4246,2128,616,370,246
500218166,1911,1340,571,6290,4117,2173,710,578,132
500218168,589,202,387,8072,5647,2425,250,186,64
500218169,539,171,368,8371,5864,2507,1,0,1
500218170,1629,1415,214,7245,4599,2646,37,21,16
500218175,1969,1508,461,6793,4506,2287,149,21,128
500218176,663,454,209,8143,5476,2667,105,105,0
500218177,1929,1454,475,5319,3231,2088,1663,1350,313
500220001,469,395,74,8380,5584,2796,62,56,6
500220002,1174,1083,91,7737,4952,2785,0,0,0
500220003,943,701,242,7968,5334,2634,0,0,0
500220004,1212,867,345,7699,5168,2531,0,0,0
500220005,822,458,364,7971,5472,2499,118,105,13
500220006,562,375,187,8325,5636,2689,24,24,0
500220007,1090,830,260,7702,5164,2538,119,41,78
500220008,1617,1112,505,7146,4817,2329,148,106,42
500220009,933,883,50,7958,5152,2806,20,0,20
500220010,1117,708,409,7492,5092,2400,302,235,67
500220011,1712,1359,353,7014,4529,2485,185,147,38
500220012,940,541,399,7712,5335,2377,259,159,100
500220013,8911,6035,2876,0,0,0,0,0,0
500220014,202,112,90,8687,5901,2786,22,22,0
500220015,3696,2591,1105,5067,3354,1713,148,90,58
500220016,712,464,248,8079,5451,2628,120,120,0
500220017,432,368,64,8410,5598,2812,69,69,0
500220019,2410,1780,630,6081,3922,2159,420,333,87
500223001,1815,1294,521,7081,4739,2342,15,2,13
500223002,1662,1197,465,7225,4814,2411,24,24,0
500223003,314,246,68,8473,5719,2754,124,70,54
500223004,905,542,363,7839,5326,2513,167,167,0
500223005,1524,1270,254,7387,4765,2622,0,0,0
500223006,481,431,50,8409,5595,2814,21,9,12
500223007,361,139,222,8518,5886,2632,32,10,22
500223008,1961,1514,447,6774,4349,2425,176,172,4
500223009,1383,1070,313,7479,4954,2525,49,11,38
500223010,1503,926,577,7408,5109,2299,0,0,0
500223011,1168,870,298,7347,4919,2428,396,246,150
500223012,3355,2203,1152,5528,3821,1707,28,11,17
500223013,1075,842,233,7809,5193,2616,27,0,27
500223014,614,395,219,8091,5540,2551,206,100,106
500223015,834,554,280,7908,5337,2571,169,144,25
500223016,312,44,268,8564,5984,2580,35,7,28
500223017,360,35,325,8498,5995,2503,53,5,48
500223018,3259,2416,843,5650,3617,2033,2,2,0
500223019,628,319,309,8283,5716,2567,0,0,0
500223020,1483,1057,426,7323,4886,2437,105,92,13
500223021,2075,1459,616,6779,4576,2203,57,0,57
500223022,996,884,112,7873,5109,2764,42,42,0
500223023,1422,1138,284,7489,4897,2592,0,0,0
500223024,1803,1415,388,7108,4620,2488,0,0,0
500223025,376,212,164,8400,5762,2638,135,61,74
500223026,1892,1363,529,7015,4668,2347,4,4,0
500223027,3038,1923,1115,5633,3882,1751,240,230,10
500223028,1494,871,623,7397,5164,2233,20,0,20
500223029,1006,772,234,7880,5247,2633,25,16,9
500223030,1228,927,301,7680,5108,2572,3,0,3
500223031,1414,898,516,7205,4886,2319,292,251,41
500223032,8911,6035,2876,0,0,0,0,0,0
500223033,2580,1610,970,6322,4417,1905,9,8,1
500223034,1092,790,302,7778,5245,2533,41,0,41
500223035,375,212,163,8402,5751,2651,134,72,62
500223036,388,197,191,8523,5838,2685,0,0,0
500223037,1790,1343,447,7121,4692,2429,0,0,0
500223038,1071,910,161,7782,5109,2673,58,16,42
500223039,286,233,53,8459,5792,2667,166,10,156
500223040,1658,1510,148,7253,4525,2728,0,0,0
500223041,1977,1460,517,5760,4093,1667,1174,482,692
500223042,1189,917,272,7384,4941,2443,338,177,161
500223043,1177,999,178,7565,4896,2669,169,140,29
500223044,710,457,253,8201,5578,2623,0,0,0
500223045,382,284,98,8501,5739,2762,28,12,16
500223046,1,1,0,8786,5917,2869,124,117,7
500223047,371,188,183,8464,5847,2617,76,0,76
500223048,1450,993,457,7424,5013,2411,37,29,8
500223049,612,355,257,8199,5590,2609,100,90,10
500223050,1730,1296,434,7044,4681,2363,137,58,79
500223051,389,301,88,8154,5480,2674,368,254,114
500223052,846,459,387,7887,5398,2489,178,178,0
500223053,1103,1003,100,7574,4907,2667,234,125,109
500223054,50,7,43,8604,5896,2708,257,132,125
500223055,361,146,215,8287,5652,2635,263,237,26
500223056,2136,1655,481,6567,4183,2384,208,197,11
500223057,681,345,336,7792,5534,2258,438,156,282
500223058,663,274,389,8137,5658,2479,111,103,8
500223059,622,320,302,8203,5644,2559,86,71,15
500223060,828,527,301,7878,5370,2508,205,138,67
500223061,334,195,139,8270,5638,2632,307,202,105
500223063,912,234,678,7995,5797,2198,4,4,0
500223064,1527,1399,128,7384,4636,2748,0,0,0
500223065,1891,1525,366,7002,4492,2510,18,18,0
500224001,14,4,10,8897,6031,2866,0,0,0
500224002,803,703,100,7699,5015,2684,409,317,92
500224003,292,191,101,8268,5558,2710,351,286,65
500224004,107,49,58,8423,5605,2818,381,381,0
500225001,7307,4925,2382,1604,1110,494,4456,3021,1435
500225002,92,35,57,8663,5956,2707,156,44,112
500225003,704,135,569,8207,5900,2307,0,0,0
500225004,4558,3052,1506,4353,2983,1370,4457,3021,1436
500226002,91,56,35,8820,5979,2841,0,0,0
500226003,1539,1349,190,7372,4686,2686,0,0,0
500226005,1330,1032,298,7368,4855,2513,213,148,65
500226006,1890,1141,749,6905,4894,2011,116,0,116
500226007,4807,3291,1516,4104,2744,1360,4457,3021,1436
500226008,5486,3470,2016,3425,2565,860,4457,3021,1436
500227001,1315,919,396,7328,4989,2339,268,127,141
500227002,1445,1211,234,7412,4824,2588,54,0,54
500227003,1151,845,306,7380,5039,2341,380,151,229
500227004,1635,1180,455,7106,4809,2297,170,46,124
500227005,2139,1672,467,6546,4210,2336,226,153,73
500227006,631,431,200,7448,4982,2466,832,622,210
500227007,1089,840,249,7672,5195,2477,150,0,150
500227008,1145,984,161,7510,4949,2561,256,102,154
500227009,1512,1000,512,7084,4770,2314,315,265,50
500227010,904,647,257,7718,5167,2551,289,221,68
500227011,752,487,265,8098,5539,2559,61,9,52
500227012,3415,2163,1252,5412,3788,1624,84,84,0
500227013,1185,707,478,7606,5246,2360,120,82,38
500227014,881,458,423,8011,5562,2449,19,15,4
500227015,1197,932,265,7150,4735,2415,564,368,196
500227016,1545,1182,363,7257,4744,2513,109,109,0
500227018,2010,1612,398,6761,4348,2413,140,75,65
500227019,313,250,63,8547,5741,2806,51,44,7
500227020,1802,1276,526,7046,4702,2344,63,57,6
500227021,1740,1110,630,7103,4890,2213,68,35,33
500227022,1371,1008,363,7412,4967,2445,128,60,68
500227023,627,556,71,8272,5479,2793,12,0,12
500227024,3100,2107,993,5513,3856,1657,298,72,226
500227025,1041,882,159,7861,5152,2709,9,1,8
500227026,1154,539,615,7757,5496,2261,0,0,0
500227027,474,319,155,8403,5687,2716,34,29,5
500227028,881,357,524,8030,5678,2352,0,0,0
500227029,2205,1787,418,6350,3938,2412,356,310,46
500227030,948,540,408,7907,5439,2468,56,56,0
500227031,1105,726,379,7482,5098,2384,324,211,113
500227032,1255,719,536,7652,5312,2340,4,4,0
500227033,1501,1032,469,7192,4819,2373,218,184,34
500227034,2147,1706,441,6503,4210,2293,261,119,142
500227035,1990,1515,475,6555,4324,2231,366,196,170
500227036,266,187,79,8522,5725,2797,123,123,0
500227037,1219,1051,168,7193,4578,2615,499,406,93
500227038,875,646,229,7944,5302,2642,92,87,5
500227039,2667,1631,1036,6244,4404,1840,0,0,0
500227040,1128,880,248,7738,5132,2606,45,23,22
500227041,1652,1521,131,7115,4374,2741,144,140,4
500227042,949,480,469,7855,5448,2407,107,107,0
500227043,1092,511,581,7806,5511,2295,13,13,0
500227044,1747,999,748,7130,5002,2128,34,34,0
500227045,1325,1026,299,7552,5009,2543,34,0,34
500227046,179,47,132,8680,5975,2705,52,13,39
500227047,1046,573,473,7852,5449,2403,13,13,0
500227048,416,60,356,8489,5969,2520,6,6,0
500227049,1205,799,406,7639,5194,2445,67,42,25
500227050,795,643,152,5873,3986,1887,2243,1406,837
500227051,1084,737,347,7794,5281,2513,33,17,16
500227052,1345,936,409,7372,4951,2421,194,148,46
500227053,2747,1830,917,6056,4179,1877,108,26,82
500227054,3537,2654,883,4814,3123,1691,560,258,302
500227055,1539,1314,225,7125,4597,2528,247,124,123
500227056,1336,1238,98,7337,4684,2653,238,113,125
500227057,1540,1394,146,7158,4428,2730,213,213,0
500227058,2065,1287,778,6824,4726,2098,22,22,0
500227059,1539,903,636,6537,4478,2059,835,654,181
500227060,634,588,46,8176,5445,2731,101,2,99
500227061,839,693,146,8072,5342,2730,0,0,0
500227062,315,235,80,8596,5800,2796,0,0,0
500227063,1440,869,571,7417,5112,2305,54,54,0
500227064,861,813,48,7909,5094,2815,141,128,13
500227065,1892,1306,586,6692,4428,2264,327,301,26
500227067,2084,1569,515,6143,4060,2083,684,406,278
500227068,5037,3703,1334,3838,2329,1509,36,3,33
500227070,2339,1841,498,6182,3882,2300,390,312,78
500227071,2983,2134,849,5625,3598,2027,303,303,0
500227072,3509,2749,760,4893,2838,2055,509,448,61
500227073,1173,837,336,7490,5080,2410,248,118,130
500227074,1981,1534,447,6852,4439,2413,78,62,16
500227075,1661,1159,502,6992,4711,2281,258,165,93
500227076,3119,2158,961,5745,3867,1878,47,10,37
500227077,6,2,4,8716,5844,2872,189,189,0
500227078,2327,1591,736,6584,4444,2140,0,0,0
500227079,695,266,429,8024,5577,2447,192,192,0
500227080,702,544,158,8178,5468,2710,31,23,8
500227081,5274,3545,1729,3637,2490,1147,0,0,0
500227082,1232,584,648,7679,5451,2228,0,0,0
500227083,3,3,0,8908,6032,2876,0,0,0
500227084,1,1,0,8910,6034,2876,0,0,0
500227085,260,260,0,8641,5775,2866,10,0,10
500227086,889,783,106,8022,5252,2770,0,0,0
500227087,1045,759,286,6225,3866,2359,1641,1410,231
500227088,3,0,3,8908,6035,2873,0,0,0
500227089,80,0,80,8619,5871,2748,212,164,48
500227090,143,76,67,8768,5959,2809,0,0,0
500227091,121,87,34,8790,5948,2842,0,0,0
500227092,1490,906,584,7353,5061,2292,68,68,0
500227093,1757,1547,210,7154,4488,2666,0,0,0
500227094,968,559,409,7793,5380,2413,150,96,54
500227095,92,92,0,8819,5943,2876,0,0,0
500227096,1169,699,470,7629,5277,2352,113,59,54
500227097,1411,1103,308,6917,4728,2189,583,204,379
500227098,1028,704,324,7833,5311,2522,50,20,30
500227099,1178,907,271,7479,4945,2534,254,183,71
500227100,1127,908,219,7694,5089,2605,90,38,52
500227103,888,850,38,7972,5134,2838,51,51,0
500227104,1234,789,445,6955,4873,2082,722,373,349
500227106,1493,985,508,7075,4816,2259,343,234,109
500227107,1044,806,238,7751,5147,2604,116,82,34
500227113,2202,1884,318,5776,3468,2308,933,683,250
500229001,897,716,181,7765,5098,2667,249,221,28
500229002,1528,1480,48,7383,4555,2828,0,0,0
500229003,1739,1621,118,7152,4412,2740,20,2,18
500229004,1378,1039,339,7282,4825,2457,251,171,80
500229005,1841,1409,432,7022,4585,2437,48,41,7
500229006,952,819,133,7857,5157,2700,102,59,43
500229007,919,806,113,7555,5013,2542,437,216,221
500229008,1210,1165,45,7689,4870,2819,12,0,12
500229009,2209,1474,735,6368,4334,2034,334,227,107
500229010,714,570,144,8144,5412,2732,53,53,0
500229011,1474,917,557,7248,5003,2245,189,115,74
500229012,1172,908,264,7439,4949,2490,300,178,122
500229013,3251,2432,819,5590,3533,2057,70,70,0
500229014,779,688,91,8020,5235,2785,112,112,0
500229015,2701,2057,644,6057,3951,2106,153,27,126
500229016,813,498,315,7951,5428,2523,147,109,38
500229017,1260,611,649,7651,5424,2227,0,0,0
500229018,1081,756,325,7713,5198,2515,117,81,36
500229019,958,805,153,7783,5108,2675,170,122,48
500229020,1428,1244,184,7438,4746,2692,45,45,0
500229021,1604,1219,385,7110,4714,2396,197,102,95
500229022,2194,1528,666,6581,4399,2182,136,108,28
500229023,1051,763,288,7707,5153,2554,153,119,34
500229024,1856,1599,257,6969,4390,2579,86,46,40
500229025,2260,1796,464,6360,4060,2300,291,179,112
500229026,832,668,164,7965,5260,2705,114,107,7
500229027,1192,1047,145,7346,4709,2637,373,279,94
500229028,1531,1207,324,6956,4536,2420,424,292,132
500229029,1837,1667,170,6804,4118,2686,270,250,20
500229030,1443,1323,120,7278,4555,2723,190,157,33
500229031,2186,1710,476,6609,4270,2339,116,55,61
500229032,1164,887,277,7472,5035,2437,275,113,162
500229033,810,566,244,8007,5398,2609,94,71,23
500229034,25,25,0,8833,5998,2835,53,12,41
500229035,1353,1229,124,7513,4774,2739,45,32,13
500229036,756,642,114,7938,5187,2751,217,206,11
500229037,948,626,322,7598,5119,2479,365,290,75
500229038,945,781,164,7547,4992,2555,419,262,157
500229039,1860,1211,649,6750,4535,2215,301,289,12
500229040,1524,1250,274,7337,4747,2590,50,38,12
500229041,2390,1800,590,6473,4222,2251,48,13,35
500229042,1737,1089,648,7055,4827,2228,119,119,0
500229043,551,515,36,8360,5520,2840,0,0,0
500229044,1909,1498,411,6792,4411,2381,210,126,84
500229045,1611,1220,391,6973,4521,2452,327,294,33
500229046,1191,892,299,7574,5021,2553,146,122,24
500229047,607,450,157,8081,5519,2562,223,66,157
500229048,1498,1189,309,7222,4740,2482,191,106,85
500229049,2205,1642,563,6434,4209,2225,272,184,88
500229050,416,292,124,8492,5743,2749,3,0,3
500229051,409,213,196,8414,5744,2670,88,78,10
500229052,398,228,170,8280,5617,2663,233,190,43
500229053,322,104,218,8361,5737,2624,228,194,34
500229054,1845,1434,411,6990,4585,2405,76,16,60
500229055,1223,963,260,7544,5008,2536,144,64,80
500229056,1126,979,147,7713,5053,2660,72,3,69
500229057,1665,1535,130,7238,4492,2746,8,8,0
500229058,1360,1106,254,7538,4923,2615,13,6,7
500229059,1918,1280,638,6993,4755,2238,0,0,0
500229060,237,113,124,8522,5881,2641,152,41,111
500229061,651,507,144,8244,5519,2725,16,9,7
500229062,296,134,162,8602,5895,2707,13,6,7
500229063,1341,976,365,7445,4979,2466,125,80,45
500229064,1942,1865,77,6894,4095,2799,75,75,0
500229065,1302,1021,281,7505,4910,2595,104,104,0
500229066,866,646,220,7957,5335,2622,88,54,34
500229067,1954,1409,545,6661,4420,2241,296,206,90
500229068,1353,1078,275,7253,4710,2543,305,247,58
500229071,1062,854,208,7796,5160,2636,53,21,32
500229072,722,403,319,8175,5632,2543,14,0,14
500229073,648,536,112,7885,5162,2723,378,337,41
500229074,1868,1252,616,6732,4567,2165,311,216,95
500229075,1718,1455,263,5930,3776,2154,1263,804,459
500229076,2113,1679,434,6536,4178,2358,262,178,84
500229077,1612,1232,380,7064,4674,2390,235,129,106
500229078,2652,1975,677,5579,3582,1997,680,478,202
500229079,1059,794,265,7727,5116,2611,125,125,0
500229080,1415,1145,270,6953,4586,2367,543,304,239
500229081,389,376,13,8422,5575,2847,100,84,16
500229082,2211,1627,584,6401,4206,2195,299,202,97
500229083,1361,1282,79,7550,4753,2797,0,0,0
500229084,1520,1207,313,7144,4621,2523,247,207,40
500229085,1163,973,190,7724,5038,2686,24,24,0
500229086,2079,1420,659,6549,4382,2167,283,233,50
500229087,1270,947,323,6989,4788,2201,652,300,352
500229088,1518,1361,157,7277,4661,2616,116,13,103
500229089,1388,1230,158,7301,4632,2669,222,173,49
500229090,1726,1525,201,6309,3854,2455,876,656,220
500229091,377,274,103,8531,5758,2773,3,3,0
500229092,965,437,528,7752,5421,2331,194,177,17
500229093,480,354,126,8257,5507,2750,174,174,0
500229094,2386,1755,631,6120,4029,2091,405,251,154
500229095,2644,2115,529,6001,3853,2148,266,67,199
500229096,1480,1090,390,7013,4675,2338,418,270,148
500229097,923,855,68,7910,5113,2797,78,67,11
500229098,547,298,249,8191,5599,2592,173,138,35
500229099,2802,2506,296,5932,3453,2479,177,76,101
500229100,1987,1739,248,6686,4113,2573,238,183,55
500229101,385,200,185,8508,5817,2691,18,18,0
500229102,2288,1822,466,6394,4049,2345,229,164,65
500229103,1569,1297,272,7292,4723,2569,50,15,35
500229104,2286,1436,850,6441,4456,1985,184,143,41
500229110,1721,1294,427,6883,4462,2421,307,279,28
500231001,1017,715,302,7550,5083,2467,344,237,107
500231002,1080,940,140,7793,5061,2732,38,34,4
500231003,2239,1980,259,6397,3791,2606,275,264,11
500231004,270,153,117,8268,5814,2454,373,68,305
500231005,301,64,237,8583,5971,2612,27,0,27
500231006,2669,1802,867,6242,4233,2009,0,0,0
500231007,1505,1117,388,7376,4890,2486,30,28,2
500231008,1308,677,631,7518,5273,2245,85,85,0
500231009,1056,412,644,7413,5322,2091,442,301,141
500231010,215,90,125,8589,5900,2689,107,45,62
500231011,2421,1357,1064,6470,4678,1792,20,0,20
500231012,2748,1677,1071,6141,4344,1797,22,14,8
500231013,1232,807,425,7515,5069,2446,164,159,5
500231014,574,351,223,8133,5555,2578,204,129,75
500231015,1773,1360,413,6707,4411,2296,431,264,167
500231016,2869,2210,659,5876,3736,2140,166,89,77
500231017,1673,883,790,7064,5001,2063,174,151,23
500231018,1055,622,433,7740,5387,2353,116,26,90
500231019,2555,1810,745,6139,4108,2031,217,117,100
500231020,4131,3030,1101,4461,2862,1599,319,143,176
500231021,2139,1284,855,6593,4629,1964,179,122,57
500231022,1770,1232,538,7141,4803,2338,0,0,0
500231023,116,61,55,8669,5933,2736,126,41,85
500231024,1561,1143,418,7322,4892,2430,28,0,28
500231025,814,632,182,7825,5370,2455,272,33,239
500231026,664,497,167,8165,5531,2634,82,7,75
500231027,648,215,433,8260,5817,2443,3,3,0
500231028,419,124,295,8447,5866,2581,45,45,0
500231029,688,427,261,8212,5599,2613,11,9,2
500231030,581,371,210,8175,5585,2590,155,79,76
500231031,1752,927,825,7129,5078,2051,30,30,0
500231032,278,57,221,8623,5975,2648,10,3,7
500231033,0,0,0,8818,5942,2876,93,93,0
500231034,496,68,428,8310,5900,2410,105,67,38
500231035,681,483,198,7699,5274,2425,531,278,253
500231036,697,447,250,8051,5510,2541,163,78,85
500231037,2076,1428,648,6505,4421,2084,330,186,144
500231038,1221,904,317,7557,5116,2441,133,15,118
500231039,1147,544,603,7764,5491,2273,0,0,0
500231040,1764,1001,763,7015,4990,2025,132,44,88
500231041,1473,1119,354,7119,4806,2313,319,110,209
500231042,304,292,12,8593,5738,2855,14,5,9
500231043,1472,1244,228,6757,4385,2372,682,406,276
500231044,2825,2570,255,5894,3412,2482,192,53,139
500231045,998,793,205,7913,5242,2671,0,0,0
500231046,3116,2079,1037,5513,3690,1823,282,266,16
500231047,963,358,605,7935,5664,2271,13,13,0
500231048,521,276,245,8254,5623,2631,136,136,0
500231049,120,0,120,8791,6035,2756,0,0,0
500231050,1064,718,346,7485,5170,2315,362,147,215
500231051,2747,1979,768,6164,4056,2108,0,0,0
500231052,716,350,366,7818,5348,2470,377,337,40
500231053,181,75,106,8323,5702,2621,407,258,149
500231055,289,183,106,8605,5852,2753,17,0,17
500231056,1434,981,453,7128,4845,2283,349,209,140
500231057,506,145,361,8074,5597,2477,331,293,38
500231058,353,185,168,8558,5850,2708,0,0,0
500231059,1450,624,826,7387,5383,2004,74,28,46
500231060,1249,462,787,7295,5233,2062,367,340,27
500231061,259,156,103,8543,5818,2725,109,61,48
500231062,110,0,110,8801,6035,2766,0,0,0
500231063,1831,1339,492,7064,4680,2384,16,16,0
500231064,1426,1101,325,7309,4857,2452,176,77,99
500231065,1564,922,642,7299,5079,2220,48,34,14
500232001,4597,3024,1573,3664,2576,1088,5106,3455,1651
500232002,4460,3024,1436,4451,3011,1440,4456,3020,1436
500233001,1494,1228,266,7150,4648,2502,267,159,108
500233002,1258,1004,254,7530,4921,2609,123,110,13
500233003,1177,755,422,7599,5225,2374,135,55,80
500233004,844,578,266,7962,5380,2582,105,77,28
500233005,1407,987,420,7504,5048,2456,0,0,0
500233006,756,566,190,8098,5466,2632,57,3,54
500233007,1669,1361,308,7187,4668,2519,55,6,49
500233008,613,542,71,8275,5471,2804,23,22,1
500233009,1766,1361,405,7052,4605,2447,93,69,24
500233010,4049,2741,1308,4862,3294,1568,0,0,0
500233011,8911,6035,2876,0,0,0,0,0,0
500233012,986,706,280,7433,4921,2512,492,408,84
500233013,773,459,314,8138,5576,2562,0,0,0
500233014,2977,2009,968,5825,3945,1880,109,81,28
500233015,535,337,198,6845,4276,2569,1531,1422,109
500233016,710,429,281,8186,5591,2595,15,15,0
500233017,1555,1268,287,7323,4747,2576,33,20,13
500233018,1136,932,204,7499,4844,2655,276,259,17
500233019,1228,923,305,7669,5107,2562,14,5,9
500233020,1224,728,496,7687,5307,2380,0,0,0
500233021,1138,724,414,7666,5229,2437,107,82,25
500233022,844,689,155,7972,5279,2693,95,67,28
500233023,1992,1522,470,6815,4480,2335,104,33,71
500233024,1534,1023,511,7187,4879,2308,190,133,57
500233025,665,557,108,8149,5478,2671,97,0,97
500233026,1640,1219,421,7191,4742,2449,80,74,6
500233027,806,657,149,8093,5368,2725,12,10,2
500233028,4760,3487,1273,4125,2526,1599,26,22,4
500233029,4060,3113,947,4579,2750,1829,272,172,100
500233030,1636,1205,431,7073,4656,2417,202,174,28
500233031,3041,2185,856,5825,3811,2014,45,39,6
500233032,3642,2611,1031,5194,3366,1828,75,58,17
500233033,1699,1385,314,7086,4544,2542,126,106,20
500233034,1007,769,238,7726,5207,2519,178,59,119
500233035,1127,912,215,7630,5001,2629,154,122,32
500233036,764,559,205,8079,5429,2650,68,47,21
500233038,2427,1552,875,6409,4469,1940,75,14,61
500233039,1530,1205,325,7277,4775,2502,104,55,49
500233040,2450,1820,630,6352,4151,2201,109,64,45
500233041,2915,2114,801,5895,3820,2075,101,101,0
500233042,2897,2172,725,5927,3818,2109,87,45,42
500233044,2107,1371,736,6751,4611,2140,53,53,0
500233045,2563,1806,757,6128,4070,2058,220,159,61
500234001,1137,933,204,7713,5067,2646,61,35,26
500234002,164,97,67,8747,5938,2809,0,0,0
500234003,1291,1009,282,7620,5026,2594,0,0,0
500234004,605,347,258,8252,5648,2604,54,40,14
500234005,1415,1112,303,7469,4907,2562,27,16,11
500234006,1670,1218,452,7188,4764,2424,53,53,0
500234007,580,390,190,8254,5593,2661,77,52,25
500234008,448,273,175,8463,5762,2701,0,0,0
500234009,964,729,235,7947,5306,2641,0,0,0
500234010,2338,2085,253,6573,3950,2623,0,0,0
500234011,454,454,0,8457,5581,2876,0,0,0
500234012,2046,1654,392,6865,4381,2484,0,0,0
500234013,541,528,13,8337,5476,2861,33,31,2
500234014,304,298,6,8607,5737,2870,0,0,0
500234015,1176,998,178,7720,5036,2684,15,1,14
500234016,1028,996,32,7867,5023,2844,16,16,0
500234017,610,469,141,8291,5556,2735,10,10,0
500234018,25,2,23,8881,6028,2853,5,5,0
500234021,247,247,0,8664,5788,2876,0,0,0
500234022,764,677,87,8147,5358,2789,0,0,0
500234023,218,101,117,8693,5934,2759,0,0,0
500234024,535,236,299,8359,5799,2560,17,0,17
500234025,226,113,113,8685,5922,2763,0,0,0
500234026,303,114,189,8543,5859,2684,65,62,3
500234028,145,77,68,8756,5948,2808,10,10,0
500234029,29,0,29,8882,6035,2847,0,0,0
500234030,662,426,236,8004,5548,2456,245,61,184
500234031,184,140,44,8677,5872,2805,50,23,27
500234032,460,383,77,8364,5584,2780,87,68,19
500234033,537,327,210,8083,5590,2493,291,118,173
500234034,943,613,330,7781,5254,2527,187,168,19
500234035,659,367,292,8234,5668,2566,18,0,18
500234036,441,395,46,8460,5634,2826,10,6,4
500234037,1097,886,211,7787,5149,2638,27,0,27
500234038,580,372,208,8331,5663,2668,0,0,0
500234039,800,595,205,8111,5440,2671,0,0,0
