StationID,B,Bw,Bh,G,Gw,Gh,S,Sw,Sh
500201001,1445,723,722,15625,10888,4737,196,184,12
500201002,2492,1372,1120,14774,10423,4351,0,0,0
500201003,3679,2380,1299,13568,9396,4172,19,19,0
500201004,3511,2329,1182,13752,9463,4289,3,3,0
500201005,3450,2314,1136,13729,9464,4265,87,17,70
500201006,2436,1278,1158,14674,10451,4223,156,66,90
500201007,2777,1845,932,14433,9937,4496,56,13,43
500201008,2362,1020,1342,14777,10648,4129,126,126,0
500201009,5705,3468,2237,11516,8282,3234,44,44,0
500201010,1553,801,752,15633,10914,4719,79,79,0
500201011,1950,852,1098,15247,10931,4316,68,11,57
500201012,6771,4541,2230,10494,7253,3241,0,0,0
500201013,3938,2672,1266,13147,9109,4038,180,13,167
500201014,3153,2100,1053,14112,9694,4418,0,0,0
500202001,10003,6811,3192,7263,4984,2279,8991,5968,3023
500202002,4225,2687,1538,11872,8260,3612,1168,847,321
500202003,8520,5605,2915,8745,6189,2556,0,0,0
500202004,4043,2250,1793,12367,9089,3278,855,455,400
500203001,3919,2872,1047,13050,8718,4332,297,205,92
500203002,4835,3396,1439,12225,8193,4032,206,206,0
500203003,5174,4531,643,12008,7257,4751,84,7,77
500203004,3011,1995,1016,13875,9498,4377,380,302,78
500203005,2229,1537,692,14808,10197,4611,229,61,168
500203006,2475,1867,608,14533,9776,4757,258,152,106
500203007,2683,1709,974,14583,10086,4497,0,0,0
500203008,2546,1927,619,14680,9864,4816,40,4,36
500203009,3190,2818,372,13395,8640,4755,681,337,344
500203010,2636,2198,438,14630,9597,5033,0,0,0
500203011,3047,2364,683,13913,9218,4695,306,213,93
500203012,3421,2630,791,13774,9094,4680,71,71,0
500203013,3559,2821,738,13703,8970,4733,4,4,0
500203014,5298,4009,1289,11691,7577,4114,277,209,68
500203015,4907,3597,1310,12359,8198,4161,0,0,0
500203016,1277,950,327,15930,10805,5125,59,40,19
500203017,3164,2688,476,14072,9081,4991,30,26,4
500203018,4598,3609,989,12649,8167,4482,19,19,0
500203019,5194,4052,1142,11791,7670,4121,281,73,208
500203020,2745,1791,954,14298,9874,4424,223,130,93
500203021,3212,1902,1310,14054,9893,4161,0,0,0
500203022,7004,5496,1508,10262,6299,3963,0,0,0
500203023,4492,3795,697,12689,7993,4696,85,7,78
500203024,8912,7330,1582,8354,4465,3889,0,0,0
500203025,4884,3464,1420,12361,8310,4051,21,21,0
500203026,3817,2906,911,13440,8880,4560,9,9,0
500203027,4568,3772,796,12372,7815,4557,326,208,118
500203028,3929,3056,873,13210,8668,4542,127,71,56
500203029,3252,2578,674,13888,9136,4752,126,81,45
500203030,2693,2140,553,14424,9553,4871,149,102,47
500203031,2353,1871,482,14418,9429,4989,495,495,0
500203032,3522,2653,869,13739,9137,4602,5,5,0
500203033,4072,3175,897,13079,8550,4529,115,70,45
500203034,5169,3804,1365,11475,7571,3904,622,420,202
500203035,3995,3071,924,13259,8721,4538,12,3,9
500203036,3542,2796,746,13591,8897,4694,133,102,31
500203037,2751,2082,669,14404,9691,4713,111,22,89
500203038,2902,2259,643,14197,9430,4767,167,106,61
500203039,4384,3419,965,12649,8207,4442,233,169,64
500203040,2393,1988,405,14778,9760,5018,95,47,48
500203041,3402,2872,530,13724,8852,4872,140,71,69
500203042,6001,4933,1068,11051,6713,4338,214,149,65
500203043,3930,2901,1029,13323,8881,4442,13,13,0
500203044,17266,11795,5471,0,0,0,17266,11795,5471
500203045,5945,4964,981,10961,6471,4490,360,360,0
500203046,4276,3434,842,12974,8345,4629,16,16,0
500203047,5041,3730,1311,12134,8009,4125,91,56,35
500203048,5296,3677,1619,11832,8058,3774,138,60,78
500203049,3766,3083,683,13273,8574,4699,227,138,89
500203050,3997,3139,858,13099,8551,4548,170,105,65
500203051,2250,1836,414,14801,9810,4991,215,149,66
500203052,2157,1639,518,15084,10144,4940,25,12,13
500203053,3184,2271,913,14069,9511,4558,13,13,0
500203054,3083,2327,756,13973,9263,4710,210,205,5
500203055,1743,1306,437,15523,10489,5034,0,0,0
500203056,4170,3838,332,13096,7957,5139,0,0,0
500203057,5383,4154,1229,11835,7609,4226,48,32,16
500203058,4046,3010,1036,13178,8743,4435,42,42,0
500203059,3215,2501,714,14043,9286,4757,8,8,0
500203060,4079,3233,846,12734,8242,4492,453,320,133
500203061,2254,1472,782,15012,10323,4689,0,0,0
500203062,2942,2505,437,14071,9097,4974,253,193,60
500203063,2187,1787,400,14764,9790,4974,315,218,97
500203064,2502,2011,491,14743,9774,4969,21,10,11
500203065,276,193,83,16937,11591,5346,53,11,42
500203066,2363,2042,321,14885,9753,5132,18,0,18
500203067,3656,2809,847,13521,8916,4605,89,70,19
500203068,3121,2600,521,14145,9195,4950,0,0,0
500203069,4771,3703,1068,12296,7956,4340,199,136,63
500203070,2358,2232,126,14908,9563,5345,0,0,0
500203071,2047,1566,481,15194,10212,4982,25,17,8
500203072,7204,5462,1742,9894,6222,3672,167,110,57
500203073,3522,2468,1054,13734,9323,4411,9,3,6
500203074,3446,2907,539,13570,8704,4866,249,183,66
500203075,3905,2999,906,13053,8576,4477,307,219,88
500203076,6912,5153,1759,9630,6150,3480,723,491,232
500203077,5388,3973,1415,11229,7420,3809,648,401,247
500203078,6846,5011,1835,9861,6449,3412,558,334,224
500203079,2625,2068,557,14478,9581,4897,162,145,17
500203080,3330,2545,785,13935,9249,4686,0,0,0
500203081,4517,3717,800,12379,7775,4604,369,302,67
500203082,4997,3613,1384,12032,7950,4082,236,231,5
500203083,5364,3872,1492,11874,7914,3960,51,8,43
500203084,3336,2381,955,13654,9229,4425,275,184,91
500203085,762,645,117,16484,11136,5348,19,13,6
500203086,1054,844,210,16206,10947,5259,5,3,2
500203087,329,246,83,16825,11473,5352,111,75,36
500203088,4219,3151,1068,13005,8618,4387,41,25,16
500203089,1217,620,597,16048,11174,4874,0,0,0
500203091,1169,909,260,15895,10765,5130,201,120,81
500203092,3150,2236,914,13976,9466,4510,139,92,47
500203094,3092,2243,849,14131,9515,4616,42,36,6
500203095,2413,2077,336,14839,9717,5122,13,0,13
500203096,2078,1968,110,14952,9693,5259,235,133,102
500203097,3488,3004,484,13724,8757,4967,53,33,20
500203098,4292,3522,770,12914,8213,4701,59,59,0
500203099,3950,3005,945,13315,8789,4526,0,0,0
500203102,1665,1490,175,15489,10208,5281,111,96,15
500205001,6753,5260,1493,10483,6505,3978,30,30,0
500205002,2184,1438,746,14983,10292,4691,99,65,34
500205003,2429,1762,667,14823,10031,4792,14,2,12
500205004,1724,1298,426,15193,10309,4884,349,188,161
500205005,1804,1317,487,14940,10157,4783,522,321,201
500205006,4372,3570,802,12640,8181,4459,254,44,210
500205007,2282,1601,681,14646,9888,4758,338,306,32
500205008,3629,2820,809,13591,8965,4626,46,10,36
500205009,4822,3535,1287,12336,8161,4175,108,99,9
500205010,3519,2103,1416,13485,9442,4043,262,250,12
500205011,6350,4976,1374,10898,6801,4097,18,18,0
500205012,6047,5020,1027,11219,6775,4444,0,0,0
500205013,2970,2287,683,14080,9372,4708,216,136,80
500205014,3053,2330,723,14193,9445,4748,20,20,0
500205015,2788,2019,769,13757,9141,4616,721,635,86
500205016,1013,719,294,16120,10974,5146,133,102,31
500205017,890,494,396,16376,11301,5075,0,0,0
500205018,3227,2217,1010,13715,9345,4370,324,233,91
500205019,73,6,67,17072,11668,5404,121,121,0
500205020,1336,976,360,15504,10573,4931,426,246,180
500205021,645,527,118,16596,11243,5353,25,25,0
500205022,5958,4194,1764,11298,7601,3697,10,0,10
500205023,4044,3640,404,13132,8133,4999,90,22,68
500205024,2289,1926,363,14977,9869,5108,0,0,0
500205025,2905,2699,206,13976,8742,5234,385,354,31
500205026,2957,2157,800,14309,9638,4671,0,0,0
500205027,17266,11795,5471,0,0,0,0,0,0
500205028,2951,2299,652,13858,9267,4591,457,229,228
500205029,5301,3698,1603,11851,8013,3838,113,83,30
500205030,5204,3866,1338,11687,7672,4015,374,256,118
500205031,3427,2395,1032,13524,9197,4327,314,202,112
500205032,3853,2972,881,13111,8653,4458,301,169,132
500205033,1759,1330,429,15483,10441,5042,23,23,0
500205034,5122,4681,441,12143,7113,5030,0,0,0
500205035,2214,1480,734,14879,10157,4722,172,157,15
500205036,3544,2702,842,13503,8967,4536,218,125,93
500205037,5305,4007,1298,10936,7253,3683,1024,534,490
500205038,2148,1800,348,15012,9902,5110,105,92,13
500205039,4140,2013,2127,13008,9664,3344,117,117,0
500205040,925,547,378,16340,11247,5093,0,0,0
500205041,1009,752,257,14887,9871,5016,1369,1171,198
500205042,92,0,92,17165,11794,5371,8,0,8
500205043,591,263,328,16372,11353,5019,302,178,124
500205044,843,691,152,16368,11049,5319,54,54,0
500205045,1057,861,196,16023,10870,5153,185,63,122
500205046,332,186,146,16891,11608,5283,42,0,42
500205047,3132,2511,621,14048,9260,4788,85,23,62
500205048,1046,666,380,16022,10976,5046,197,152,45
500205049,1700,953,747,15478,10777,4701,87,64,23
500205050,3609,2823,786,13199,8651,4548,457,320,137
500205051,3726,3076,650,13247,8426,4821,292,292,0
500205052,2464,2116,348,14626,9503,5123,175,175,0
500205053,1818,886,932,15335,10796,4539,112,112,0
500205054,4902,3413,1489,12253,8271,3982,110,110,0
500205055,4438,3476,962,12276,7894,4382,551,424,127
500205056,3044,1985,1059,14103,9691,4412,118,118,0
500205057,2019,1568,451,14885,9868,5017,361,358,3
500205058,1173,740,433,16092,11054,5038,0,0,0
500205059,2946,2357,589,14131,9260,4871,188,177,11
500205060,1017,750,267,16248,11044,5204,0,0,0
500205061,1487,1061,426,15707,10662,5045,71,71,0
500205062,2453,1573,880,14681,10090,4591,131,131,0
500205063,965,824,141,16232,10935,5297,68,35,33
500205064,1043,791,252,16171,10955,5216,51,48,3
500205065,2401,1206,1195,14864,10588,4276,0,0,0
500206001,6373,5579,794,10893,6216,4677,0,0,0
500206002,5894,4463,1431,10682,6868,3814,690,464,226
500206003,4848,4092,756,12368,7663,4705,50,40,10
500206004,4801,3922,879,12311,7803,4508,154,70,84
500206005,2595,2188,407,14311,9264,5047,360,343,17
500206006,6028,4121,1907,11238,7674,3564,0,0,0
500206007,5061,4127,934,12199,7662,4537,6,6,0
500206008,3184,2627,557,13750,8966,4784,332,202,130
500206009,4986,4314,672,12246,7454,4792,34,27,7
500206010,9281,6688,2593,7982,5104,2878,3,3,0
500206011,3587,2812,775,12867,8398,4469,812,585,227
500206012,6533,4779,1754,10714,6997,3717,19,19,0
500206013,4852,3847,1005,12413,7947,4466,1,1,0
500206014,4748,3277,1471,11962,8136,3826,556,382,174
500206015,3021,2183,838,14245,9612,4633,0,0,0
500206016,5369,3942,1427,11822,7820,4002,75,33,42
500206017,751,357,394,16061,11057,5004,454,381,73
500206018,4314,3434,880,12310,8039,4271,642,322,320
500206019,2670,2065,605,14451,9602,4849,145,128,17
500206020,2986,2334,652,14247,9461,4786,33,0,33
500206021,2752,1840,912,12924,8918,4006,1590,1037,553
500206022,4287,3607,680,12683,8070,4613,296,118,178
500206023,6927,5442,1485,10339,6353,3986,0,0,0
500206024,3440,2615,825,13712,9078,4634,114,102,12
500206025,5446,4051,1395,11728,7699,4029,92,45,47
500206026,1486,1268,218,15683,10436,5247,97,91,6
500206027,2668,1844,824,13914,9446,4468,684,505,179
500206028,3759,3081,678,13321,8610,4711,186,104,82
500206029,3909,2970,939,11005,7286,3719,2352,1539,813
500206030,5541,4337,1204,11722,7455,4267,3,3,0
500206031,8727,6193,2534,8421,5507,2914,118,95,23
500206032,2894,2276,618,14290,9458,4832,82,61,21
500206033,3665,2823,842,13309,8687,4622,292,285,7
500206034,6185,4616,1569,10559,6786,3773,522,393,129
500206035,9977,6846,3131,7286,4946,2340,3,3,0
500206036,11566,7813,3753,3656,2529,1127,5539,3998,1541
500206037,5426,4559,867,11840,7236,4604,0,0,0
500206038,2894,2451,443,13959,9198,4761,413,146,267
500206039,4565,3567,998,12442,7997,4445,259,231,28
500206040,4857,4243,614,12293,7499,4794,116,53,63
500206041,6055,4686,1369,10667,6757,3910,544,352,192
500206042,3499,2862,637,11860,7736,4124,1907,1197,710
500206043,4945,3776,1169,11977,7759,4218,344,260,84
500206044,4325,3402,923,12357,8056,4301,584,337,247
500206046,1213,719,494,15988,11018,4970,65,58,7
500206047,3232,2269,963,13361,9335,4026,672,190,482
500206048,2698,2374,324,13657,8871,4786,911,550,361
500206049,2199,1988,211,14985,9725,5260,82,82,0
500206050,6310,5144,1166,10956,6651,4305,0,0,0
500206051,3339,2496,843,13844,9241,4603,83,58,25
500206052,7906,5558,2348,9242,6119,3123,117,117,0
500206053,6452,5112,1340,10028,6026,4002,785,656,129
500206054,4502,3654,848,11056,7235,3821,1707,905,802
500206056,4169,3553,616,12637,7882,4755,459,359,100
500206057,1723,1266,457,15452,10503,4949,90,25,65
500206058,413,247,166,16847,11542,5305,5,5,0
500206059,4639,3578,1061,11650,7604,4046,976,612,364
500206060,2420,1943,477,13599,9274,4325,1246,577,669
500206061,2305,1526,779,14456,9821,4635,504,447,57
500206062,2524,2017,507,14542,9627,4915,199,150,49
500206063,10784,7915,2869,6457,3879,2578,24,0,24
500206064,5690,4245,1445,10272,7000,3272,1303,549,754
500206065,4705,3527,1178,10694,6958,3736,1866,1309,557
500206066,5437,4178,1259,11819,7616,4203,9,0,9
500206067,4346,3677,669,12635,7916,4719,284,201,83
500206068,3483,2681,802,12851,8446,4405,931,667,264
500206069,2822,2332,490,13197,8728,4469,1246,734,512
500206070,5344,4374,970,10365,6239,4126,1556,1181,375
500206071,3269,2557,712,13715,9110,4605,281,127,154
500206072,3420,2313,1107,13558,9312,4246,287,169,118
500206074,5326,4596,730,11816,7181,4635,123,17,106
500206075,3413,2848,565,13663,8796,4867,189,150,39
500207001,3212,2613,599,14051,9179,4872,3,3,0
500207002,2136,1836,300,15005,9849,5156,125,110,15
500207003,5289,3348,1941,11869,8339,3530,108,108,0
500207004,6186,5013,1173,11080,6782,4298,0,0,0
500207005,7296,5145,2151,9875,6601,3274,95,49,46
500207006,3910,2571,1339,13329,9213,4116,27,11,16
500207007,4697,3133,1564,12316,8499,3817,253,163,90
500207008,3297,2510,787,13620,8937,4683,349,348,1
500207009,3804,3240,564,13446,8552,4894,16,3,13
500207010,3741,2625,1116,13215,8874,4341,310,296,14
500207011,8562,6266,2296,8655,5500,3155,49,29,20
500207012,3236,2702,534,13948,9046,4902,82,47,35
500207013,3644,2632,1012,13601,9159,4442,21,4,17
500207014,4067,3115,952,13199,8680,4519,0,0,0
500207015,4078,2877,1201,12889,8656,4233,299,262,37
500207016,2829,1832,997,14345,9871,4474,92,92,0
500207017,3177,2787,390,13993,8988,5005,96,20,76
500207018,4662,3398,1264,12398,8191,4207,206,206,0
500207019,2431,1688,743,14802,10079,4723,33,28,5
500207020,4203,3078,1125,12864,8518,4346,199,199,0
500207021,6923,4447,2476,10343,7348,2995,0,0,0
500207022,2044,1390,654,15195,10385,4810,27,20,7
500207023,2771,1933,838,14052,9419,4633,443,443,0
500207024,1865,1319,546,15375,10466,4909,26,10,16
500207025,3255,2372,883,13780,9261,4519,231,162,69
500207026,1801,1167,634,15313,10525,4788,152,103,49
500207027,2177,1751,426,14779,9823,4956,310,221,89
500207028,2406,2019,387,14767,9728,5039,93,48,45
500207029,5702,4119,1583,11240,7506,3734,324,170,154
500207030,5236,3825,1411,11643,7706,3937,482,359,123
500207031,3172,2539,633,14003,9251,4752,91,5,86
500207032,3346,2284,1062,13825,9436,4389,95,75,20
500207033,5756,3834,1922,11343,7827,3516,167,134,33
500207034,2327,1391,936,14780,10314,4466,159,90,69
500207035,3742,2752,990,13214,8934,4280,310,109,201
500207036,1819,1499,320,15197,10205,4992,250,91,159
500207037,3315,2295,1020,13944,9493,4451,7,7,0
500207038,3745,2947,798,13483,8820,4663,38,28,10
500207039,3551,2332,1219,13715,9463,4252,0,0,0
500207040,3764,2420,1344,13495,9374,4121,7,1,6
500207041,2804,1688,1116,14435,10087,4348,27,20,7
500207042,3533,2342,1191,13482,9217,4265,251,236,15
500207043,2538,2199,339,13921,9194,4727,807,402,405
500207044,5562,3610,1952,11610,8106,3504,94,79,15
500207045,4347,3631,716,12463,7879,4584,456,285,171
500207046,4748,3126,1622,11878,8242,3636,640,427,213
500207047,3501,2812,689,12309,8304,4005,1456,679,777
500207048,3749,2571,1178,12910,8697,4213,607,527,80
500207049,2539,1992,547,13971,9469,4502,756,334,422
500207050,4906,3776,1130,12167,7897,4270,193,122,71
500207051,2578,1859,719,14604,9880,4724,84,56,28
500207052,1895,1489,406,15210,10222,4988,161,84,77
500207053,1410,510,900,15767,11239,4528,89,46,43
500207054,3014,2165,849,14103,9509,4594,149,121,28
500207055,6598,4826,1772,10184,6620,3564,484,349,135
500207057,4064,2842,1222,12980,8836,4144,222,117,105
500207058,1357,1111,246,15551,10336,5215,358,348,10
500207059,2606,2018,588,14152,9368,4784,508,409,99
500207060,2387,1651,736,14554,9872,4682,324,271,53
500207061,2984,2271,713,14092,9406,4686,190,118,72
500207062,6479,4872,1607,10744,6895,3849,42,27,15
500207063,3972,3328,644,12413,8081,4332,881,386,495
500207064,3766,3014,752,10845,6664,4181,2654,2116,538
500207065,4097,2966,1131,12678,8650,4028,490,178,312
500207066,3781,2573,1208,13464,9204,4260,20,17,3
500207067,2014,984,1030,14906,10480,4426,345,330,15
500207068,2234,1675,559,14841,10041,4800,190,78,112
500207069,5119,3928,1191,12000,7769,4231,146,97,49
500207070,5493,3708,1785,11627,8005,3622,145,81,64
500207071,5017,3785,1232,12248,8009,4239,0,0,0
500207072,3485,2354,1131,13627,9312,4315,153,128,25
500207073,5413,3922,1491,11414,7584,3830,438,288,150
500207074,3082,2426,656,13650,9073,4577,533,295,238
500207075,4869,3276,1593,12390,8512,3878,6,6,0
500207076,2749,2208,541,14236,9397,4839,280,189,91
500207077,2341,1847,494,13856,9165,4691,1068,782,286
500207078,1762,1556,206,14947,9768,5179,556,470,86
500207079,2072,862,1210,15193,10932,4261,0,0,0
500207080,2576,2011,565,14032,9307,4725,657,476,181
500207081,4391,3071,1320,12730,8636,4094,144,87,57
500207082,2111,1756,355,14714,9711,5003,440,327,113
500207083,183,183,0,17074,11603,5471,8,8,0
500207084,3295,2517,778,13802,9192,4610,168,85,83
500207086,2166,1646,520,14886,9980,4906,213,168,45
500207087,2233,1863,370,14949,9869,5080,83,62,21
500207088,3554,2545,1009,13097,8906,4191,614,343,271
500207089,4982,3393,1589,11855,8132,3723,428,269,159
500207090,2614,2225,389,13188,8581,4607,1463,988,475
500207091,2332,1351,981,14841,10359,4482,92,84,8
500207092,7252,5017,2235,10013,6777,3236,0,0,0
500207093,3129,2774,355,13477,8618,4859,659,402,257
500207094,3158,1970,1188,14042,9759,4283,65,65,0
500209001,2267,1124,1143,14985,10659,4326,14,12,2
500209002,718,490,228,16336,11223,5113,212,82,130
500209003,3181,2231,950,13715,9293,4422,370,271,99
500209004,2736,1444,1292,14517,10338,4179,13,13,0
500209005,1226,648,578,15982,11104,4878,58,43,15
500209006,4150,3319,831,13035,8437,4598,81,39,42
500209007,3445,2162,1283,13626,9490,4136,195,143,52
500209008,35,15,20,17166,11715,5451,65,65,0
500209009,2227,1316,911,15011,10465,4546,28,14,14
500209010,4008,3361,647,12831,8245,4586,427,189,238
500209011,17266,11795,5471,0,0,0,0,0,0
500209012,2186,1221,965,14997,10539,4458,83,35,48
500209013,3487,2354,1133,13743,9434,4309,36,7,29
500209014,2673,1854,819,14496,9869,4627,97,72,25
500209015,3117,1786,1331,14079,9939,4140,70,70,0
500209016,3013,2322,691,14019,9255,4764,234,218,16
500209017,3661,2863,798,13324,8731,4593,281,201,80
500209018,2924,2182,742,14286,9562,4724,56,51,5
500209019,3746,2373,1373,13312,9268,4044,231,177,54
500209020,4535,2806,1729,12708,8966,3742,23,23,0
500209021,2377,1752,625,14836,9990,4846,53,53,0
500209022,1480,996,484,15785,10798,4987,0,0,0
500209023,3106,2219,887,14041,9468,4573,118,107,11
500209025,446,446,0,16819,11348,5471,0,0,0
500210001,4271,3545,726,12968,8241,4727,27,9,18
500210002,3294,2622,672,13689,8966,4723,283,207,76
500210003,5451,4061,1390,11352,7487,3865,463,247,216
500210004,6111,4749,1362,11133,7046,4087,22,0,22
500210005,2738,1924,814,14273,9632,4641,255,239,16
500210006,3711,3238,473,13312,8455,4857,243,102,141
500210007,3027,2362,665,13908,9238,4670,331,195,136
500210008,5288,3555,1733,11811,8103,3708,167,137,30
500210009,4723,3468,1255,12438,8326,4112,105,1,104
500210010,4129,3072,1057,12988,8633,4355,149,90,59
500210011,7578,5315,2263,9669,6461,3208,19,19,0
500210012,3571,2653,918,13236,8825,4411,459,317,142
500210013,3397,2655,742,13434,8741,4693,435,399,36
500210014,5195,3923,1272,12071,7872,4199,0,0,0
500210015,3252,2716,536,13574,8818,4756,440,261,179
500210016,4235,3156,1079,12817,8510,4307,214,129,85
500210017,5107,3784,1323,12116,7997,4119,43,14,29
500210018,2271,1848,423,14483,9727,4756,512,220,292
500210019,2572,2175,397,14480,9613,4867,214,7,207
500210020,2855,2253,602,14187,9467,4720,224,75,149
500210021,5263,4308,955,11633,7242,4391,370,245,125
500210022,3761,3058,703,13065,8597,4468,440,140,300
500210023,4503,3380,1123,12757,8409,4348,6,6,0
500210024,8046,5753,2293,7881,5134,2747,1339,908,431
500210025,8034,6185,1849,9175,5559,3616,57,51,6
500210026,2973,2387,586,13658,8988,4670,635,420,215
500210027,5949,4755,1194,10675,6612,4063,642,428,214
500210028,3016,2535,481,14072,9158,4914,178,102,76
500210029,2257,1788,469,14323,9776,4547,686,231,455
500210030,3722,2826,896,12709,8518,4191,835,451,384
500210031,4252,3377,875,12803,8278,4525,211,140,71
500210032,2868,2073,795,14138,9511,4627,260,211,49
500210033,3082,2168,914,13533,9187,4346,651,440,211
500210034,17266,11795,5471,0,0,0,0,0,0
500210035,4990,3750,1240,12020,7846,4174,256,199,57
500210036,5388,3759,1629,11693,7927,3766,185,109,76
500210037,4089,2370,1719,12723,8972,3751,454,453,1
500210038,2941,2142,799,13700,9152,4548,625,501,124
500210039,4285,3281,1004,12515,8175,4340,466,339,127
500210040,3531,2591,940,13024,8721,4303,711,483,228
500210041,6967,5432,1535,10080,6361,3719,219,2,217
500210042,3457,2821,636,13046,8491,4555,763,483,280
500210043,11532,8287,3245,5476,3507,1969,257,0,257
500210044,9443,6350,3093,5715,3783,1932,2107,1661,446
500210045,9466,6396,3070,7203,4973,2230,596,425,171
500210046,7020,5177,1843,9459,6114,3345,803,520,283
500210047,7736,5802,1934,9432,5895,3537,97,97,0
500210048,3691,2793,898,12817,8447,4370,757,554,203
500210049,5585,4447,1138,11641,7319,4322,39,28,11
500210050,2862,2131,731,13327,8855,4472,1076,808,268
500210051,3380,2739,641,13273,8905,4368,612,150,462
500211001,9347,6193,3154,7775,5602,2173,9135,5968,3167
500212001,10680,7077,3603,6585,4717,1868,8991,5968,3023
500212002,9926,6614,3312,7339,5180,2159,8991,5968,3023
500214001,2451,1840,611,14685,9867,4818,130,88,42
500214002,1779,1118,661,15406,10617,4789,81,60,21
500214003,1265,798,467,15899,10895,5004,102,102,0
500214004,1932,1657,275,15249,10053,5196,85,85,0
500214005,2482,1704,778,14669,9976,4693,115,115,0
500214006,4815,3802,1013,12369,7911,4458,82,82,0
500214007,2086,1952,134,15095,9778,5317,85,65,20
500214008,3402,2513,889,13458,8876,4582,406,406,0
500214009,3729,2743,986,13355,8908,4447,182,144,38
500214010,3750,3327,423,13326,8299,5027,190,169,21
500214011,2936,2604,332,13605,8648,4957,725,543,182
500214012,4799,3809,990,11731,7364,4367,736,622,114
500214013,2095,1163,932,15136,10597,4539,35,35,0
500214014,3827,3348,479,13431,8439,4992,8,8,0
500214015,1201,941,260,15773,10749,5024,292,105,187
500214016,1544,1278,266,15292,10272,5020,430,245,185
500214017,4903,3902,1001,11829,7499,4330,534,394,140
500214018,2253,1777,476,14953,9958,4995,60,60,0
500214019,3732,3112,620,13353,8514,4839,181,169,12
500214020,660,443,217,16389,11139,5250,217,213,4
500214021,2988,2732,256,13483,8399,5084,795,664,131
500214022,3222,3013,209,13283,8428,4855,761,354,407
500214023,1365,1040,325,15717,10587,5130,184,168,16
500214024,1221,945,276,15739,10671,5068,306,179,127
500214025,559,445,114,16577,11220,5357,130,130,0
500214026,1637,1278,359,15352,10329,5023,277,188,89
500214027,5487,4101,1386,11415,7396,4019,364,298,66
500214028,4354,3423,931,12834,8312,4522,78,60,18
500214029,3064,2636,428,13071,8289,4782,1131,870,261
500214030,3677,2376,1301,13589,9419,4170,0,0,0
500214031,3047,2736,311,14219,9059,5160,0,0,0
500214032,3674,2977,697,13557,8807,4750,35,11,24
500214033,1305,1305,0,15370,10061,5309,591,429,162
500214034,5472,3856,1616,11370,7569,3801,424,370,54
500214035,961,901,60,16286,10875,5411,19,19,0
500214036,2990,2731,259,14152,9042,5110,124,22,102
500214037,4563,3781,782,11298,7010,4288,1405,1004,401
500214038,3100,2167,933,13991,9453,4538,175,175,0
500214039,3686,3141,545,12850,8048,4802,730,606,124
500214040,2373,1658,715,14822,10078,4744,71,59,12
500214041,3866,3537,329,12896,8012,4884,503,245,258
500214042,2881,2329,552,14370,9463,4907,14,2,12
500214043,3561,2891,670,13334,8565,4769,370,338,32
500214044,3431,2681,750,13361,8807,4554,473,306,167
500214045,777,598,179,16176,10967,5209,312,229,83
500214046,2283,1580,703,13372,9209,4163,1610,1005,605
500214048,1601,1340,261,15480,10297,5183,184,157,27
500214049,3208,2793,415,13689,8843,4846,368,158,210
500214050,1278,818,460,15986,10975,5011,1,1,0
500214051,2196,1793,403,14991,9923,5068,78,78,0
500214052,2739,2246,493,14010,9186,4824,516,362,154
500214053,4122,3428,694,12334,7825,4509,809,541,268
500214054,2306,1880,426,14959,9914,5045,0,0,0
500214055,6023,4613,1410,11175,7114,4061,67,67,0
500214056,346,281,65,16591,11478,5113,328,35,293
500214057,4256,3678,578,12988,8112,4876,21,4,17
500214059,1998,1748,250,14334,9661,4673,933,385,548
500214060,1743,1464,279,14775,9684,5091,747,646,101
500214062,2240,2009,231,14736,9618,5118,289,167,122
500215001,2330,1209,1121,14936,10586,4350,0,0,0
500215002,752,254,498,16249,11354,4895,265,187,78
500215003,1516,1071,445,15471,10462,5009,279,262,17
500215004,1064,627,437,15927,11089,4838,275,79,196
500215005,9654,6541,3113,7612,5254,2358,8991,5968,3023
500215006,2430,1803,627,14094,9373,4721,742,619,123
500215007,771,438,333,15607,10692,4915,888,665,223
500216001,4212,3237,975,12602,8257,4345,452,301,151
500216002,1619,1004,615,15638,10782,4856,9,9,0
500216003,2288,2079,209,14471,9547,4924,507,169,338
500216004,1383,1055,328,15686,10568,5118,197,172,25
500216005,1644,1221,423,14978,9940,5038,644,634,10
500216006,3013,2194,819,14162,9585,4577,91,16,75
500216007,1651,1363,288,14440,9499,4941,1175,933,242
500216008,4154,2701,1453,13057,9044,4013,55,50,5
500216009,3517,2795,722,13656,8955,4701,93,45,48
500216010,2953,1918,1035,13569,9527,4042,744,350,394
500216011,3451,2720,731,13698,9066,4632,117,9,108
500216012,295,134,161,16908,11608,5300,63,53,10
500216013,5043,3717,1326,11569,7568,4001,654,510,144
500216014,1637,871,766,15628,10924,4704,1,0,1
500216015,1865,1665,200,14912,9767,5145,489,363,126
500216016,2638,2101,537,14320,9538,4782,308,156,152
500216017,1996,1593,403,15244,10176,5068,26,26,0
500216018,601,548,53,16516,11144,5372,149,103,46
500216019,1756,1410,346,15327,10276,5051,183,109,74
500216020,5272,3993,1279,11636,7513,4123,358,289,69
500216021,5932,4505,1427,10909,6899,4010,425,391,34
500216022,1530,1329,201,15565,10409,5156,171,57,114
500216023,3271,2854,417,13851,8818,5033,144,123,21
500216024,2305,1562,743,14961,10233,4728,0,0,0
500216025,5177,3800,1377,11779,7733,4046,310,262,48
500216026,2685,2094,591,14484,9640,4844,97,61,36
500216027,2576,2055,521,14316,9440,4876,374,300,74
500216028,3019,2346,673,14073,9343,4730,174,106,68
500216029,2994,2618,376,14120,9029,5091,152,148,4
500216030,17266,11795,5471,0,0,0,0,0,0
500216031,3230,2634,596,13283,8509,4774,753,652,101
500216032,2520,2212,308,14585,9462,5123,161,121,40
500216033,1273,866,407,15319,10465,4854,674,464,210
500216034,6219,4955,1264,11038,6840,4198,9,0,9
500216035,1626,987,639,14980,10188,4792,660,620,40
500216036,2765,2115,650,14417,9602,4815,84,78,6
500216037,2733,2491,242,14481,9252,5229,52,52,0
500216038,4938,3828,1110,12230,7895,4335,98,72,26
500216039,1898,1522,376,14697,9919,4778,671,354,317
500216040,2818,2106,712,13093,8516,4577,1355,1173,182
500216041,1034,907,127,15933,10676,5257,299,212,87
500216043,922,706,216,16114,10983,5131,230,106,124
500216044,3848,2892,956,13417,8902,4515,0,0,0
500216045,2384,2033,351,14828,9742,5086,53,19,34
500216046,3824,2884,940,12972,8556,4416,469,354,115
500216047,1927,1598,329,14989,10048,4941,349,148,201
500216048,2345,1424,921,14755,10250,4505,165,120,45
500216049,2910,2017,893,14204,9642,4562,151,135,16
500216050,5423,4076,1347,11813,7712,4101,29,6,23
500216051,5137,3647,1490,12028,8047,3981,100,100,0
500216052,1594,1269,325,15660,10525,5135,11,0,11
500216053,5216,3049,2167,12004,8700,3304,45,45,0
500216054,1048,724,324,15815,10706,5109,402,364,38
500216055,640,309,331,16598,11458,5140,27,27,0
500216056,2818,2053,765,12670,8357,4313,1777,1384,393
500216057,810,386,424,16383,11350,5033,72,58,14
500216058,520,456,64,16476,11205,5271,269,133,136
500216059,975,975,0,16261,10790,5471,29,29,0
500216060,2154,1581,573,14998,10191,4807,113,22,91
500216061,3887,2803,1084,12938,8807,4131,440,184,256
500216062,198,186,12,16970,11538,5432,97,70,27
500216063,326,292,34,16908,11478,5430,31,24,7
500216064,359,250,109,16891,11529,5362,15,15,0
500217001,10659,6689,3970,6606,5105,1501,8991,5968,3023
500217002,9631,6390,3241,7560,5342,2218,9065,6030,3035
500217003,9662,6285,3377,7603,5509,2094,8991,5968,3023
500218001,5383,4137,1246,10966,7031,3935,917,627,290
500218002,4195,2873,1322,12604,8644,3960,467,278,189
500218004,6676,4528,2148,10565,7244,3321,25,23,2
500218005,4606,3433,1173,12431,8244,4187,229,118,111
500218006,6197,4293,1904,10949,7382,3567,120,120,0
500218007,1543,1218,325,15053,10107,4946,670,470,200
500218008,2300,1473,827,14367,9862,4505,599,460,139
500218009,2850,2025,825,12333,8424,3909,2083,1346,737
500218010,3989,3510,479,13184,8212,4972,93,73,20
500218011,3296,2855,441,13591,8617,4974,379,323,56
500218012,3756,3453,303,13407,8342,5065,103,0,103
500218013,2897,2415,482,14206,9253,4953,163,127,36
500218014,2895,2328,567,14231,9424,4807,140,43,97
500218015,6412,5276,1136,10837,6502,4335,17,17,0
500218016,4299,3720,579,12967,8075,4892,0,0,0
500218017,2109,1596,513,15003,10050,4953,154,149,5
500218018,5060,4564,496,12136,7198,4938,70,33,37
500218019,1699,1228,471,15254,10300,4954,313,267,46
500218020,3379,2249,1130,13596,9255,4341,291,291,0
500218021,6043,4613,1430,10231,6530,3701,992,652,340
500218022,4938,3726,1212,11863,7771,4092,465,298,167
500218023,3751,2822,929,13109,8731,4378,406,242,164
500218024,2794,2222,572,14108,9231,4877,364,342,22
500218025,4017,2918,1099,12828,8517,4311,421,360,61
500218026,2179,1718,461,14790,9938,4852,297,139,158
500218027,4087,3398,689,13008,8240,4768,171,157,14
500218028,5788,4254,1534,10482,6795,3687,996,746,250
500218029,6730,5091,1639,10532,6700,3832,4,4,0
500218030,3142,2683,459,13682,8892,4790,442,220,222
500218031,4521,3640,881,12635,8155,4480,110,0,110
500218032,1720,1210,510,15526,10569,4957,20,16,4
500218033,4925,3777,1148,12093,7871,4222,248,147,101
500218034,1924,1805,119,14007,9045,4962,1335,945,390
500218035,4572,3658,914,12501,8059,4442,193,78,115
500218036,3732,2779,953,13408,8942,4466,126,74,52
500218037,4476,3330,1146,12259,8034,4225,531,431,100
500218038,2876,2296,580,14031,9339,4692,359,160,199
500218039,5243,4205,1038,11927,7529,4398,96,61,35
500218040,5956,4411,1545,11289,7368,3921,21,16,5
500218041,3079,2351,728,14037,9378,4659,150,66,84
500218042,3048,2703,345,14218,9092,5126,0,0,0
500218043,3780,2733,1047,13152,8890,4262,334,172,162
500218044,6425,4441,1984,10684,7262,3422,157,92,65
500218045,7388,5699,1689,7989,4603,3386,1889,1493,396
500218046,5399,3953,1446,11600,7680,3920,267,162,105
500218047,3195,2311,884,14052,9467,4585,19,17,2
500218048,3233,2118,1115,13841,9485,4356,192,192,0
500218049,3190,2638,552,13638,8839,4799,438,318,120
500218050,446,345,101,16380,11022,5358,440,428,12
500218051,3786,3174,612,12798,8302,4496,682,319,363
500218052,6943,4827,2116,10100,6843,3257,223,125,98
500218053,5500,4404,1096,11356,7162,4194,410,229,181
500218054,1460,1345,115,14695,9781,4914,1111,669,442
500218055,3933,3152,781,12866,8315,4551,467,328,139
500218056,2610,1787,823,14495,9875,4620,161,133,28
500218057,3510,2841,669,12679,7895,4784,1077,1059,18
500218058,2923,2399,524,12312,7838,4474,2031,1558,473
500218059,2435,2043,392,13470,8772,4698,1361,980,381
500218060,2431,1906,525,12848,8385,4463,1987,1504,483
500218061,8332,6150,2182,8751,5607,3144,183,38,145
500218062,1804,1402,402,15059,9990,5069,403,403,0
500218063,5547,4224,1323,11504,7411,4093,215,160,55
500218064,3341,2563,778,13592,9106,4486,333,126,207
500218065,2175,1516,659,14784,10076,4708,307,203,104
500218066,3077,2427,650,14021,9221,4800,168,147,21
500218067,3531,2827,704,13386,8737,4649,349,231,118
500218068,5135,3990,1145,11964,7728,4236,167,77,90
500218069,4447,3420,1027,12558,8186,4372,261,189,72
500218070,8742,6115,2627,8524,5680,2844,0,0,0
500218071,3868,3152,716,12848,8355,4493,550,288,262
500218072,3850,3099,751,13237,8617,4620,179,79,100
500218073,4022,3185,837,12722,8354,4368,522,256,266
500218074,3709,2833,876,12790,8479,4311,767,483,284
500218075,6303,4801,1502,10758,6826,3932,205,168,37
500218076,2424,1916,508,13499,8946,4553,1343,933,410
500218077,3536,2884,652,13458,8735,4723,272,176,96
500218078,3833,2924,909,12844,8468,4376,589,403,186
500218079,3987,3154,833,12902,8418,4484,377,223,154
500218080,4061,3152,909,13110,8568,4542,95,75,20
500218081,4622,3906,716,12201,7623,4578,443,266,177
500218082,4714,3686,1028,11789,7621,4168,763,488,275
500218083,1439,1095,344,15367,10386,4981,460,314,146
500218084,5409,3691,1718,11232,7700,3532,625,404,221
500218085,3806,3075,731,10473,6567,3906,2987,2153,834
500218086,2903,2182,721,13860,9240,4620,503,373,130
500218087,2287,1748,539,14251,9544,4707,728,503,225
500218088,4056,3479,577,12899,8316,4583,311,0,311
500218089,3295,2580,715,13192,8748,4444,779,467,312
500218090,4010,3329,681,12189,7764,4425,1067,702,365
500218091,4182,3485,697,9422,5922,3500,3662,2388,1274
500218092,297,91,206,16290,11194,5096,679,510,169
500218093,2591,2165,426,13784,8956,4828,891,674,217
500218094,3211,2529,682,13548,8853,4695,507,413,94
500218095,2897,2253,644,13432,8853,4579,937,689,248
500218096,4374,3282,1092,11968,8077,3891,924,436,488
500218097,8028,5507,2521,8535,5748,2787,2539,1512,1027
500218098,4550,3510,1040,12436,8220,4216,280,65,215
500218099,3434,2501,933,13246,8899,4347,586,395,191
500218100,1741,1289,452,14700,9969,4731,825,537,288
500218102,6756,5219,1537,10510,6576,3934,0,0,0
500218103,2654,1961,693,13795,9090,4705,817,744,73
500218104,2333,1972,361,14148,9351,4797,785,472,313
500218105,1455,1099,356,15370,10454,4916,441,242,199
500218106,2565,1820,745,13160,8812,4348,1541,1163,378
500218107,752,612,140,14968,10042,4926,1546,1141,405
500218108,4797,3816,981,10218,6187,4031,2251,1792,459
500218109,3364,2635,729,13339,8761,4578,563,399,164
500218110,1585,1122,463,15681,10673,5008,0,0,0
500218111,3340,2696,644,13307,8781,4526,619,318,301
500218113,3258,2674,584,13632,8856,4776,376,265,111
500218114,3226,2731,495,13530,8803,4727,510,261,249
500218115,2066,1671,395,12873,8633,4240,2327,1491,836
500218116,4729,3646,1083,12219,7930,4289,318,219,99
500218117,2638,1980,658,12718,8703,4015,1910,1112,798
500218118,9151,6300,2851,7969,5349,2620,146,146,0
500218119,1883,1438,445,14587,9712,4875,796,645,151
500218120,1396,1229,167,15870,10566,5304,0,0,0
500218121,2697,1970,727,14370,9710,4660,198,114,84
500218122,3824,2855,969,12128,7954,4174,1313,985,328
500218123,3210,3007,203,12711,7766,4945,1344,1021,323
500218124,5499,4401,1098,11441,7255,4186,325,138,187
500218126,3029,2218,811,14039,9379,4660,197,197,0
500218127,7161,5360,1801,8201,4548,3653,1903,1886,17
500218128,4219,3388,831,11973,7680,4293,1073,726,347
500218129,5767,4744,1023,10253,6482,3771,1245,568,677
500218130,4448,3112,1336,11973,7911,4062,844,771,73
500218131,4108,3225,883,12845,8461,4384,312,108,204
500218132,5917,4565,1352,11049,7082,3967,299,147,152
500218133,5980,4181,1799,9789,6581,3208,1496,1032,464
500218134,9135,6186,2949,5371,3372,1999,2759,2236,523
500218135,7580,5383,2197,6851,3955,2896,2834,2456,378
500218136,7818,5646,2172,6216,4018,2198,3231,2130,1101
500218137,5204,4025,1179,11978,7686,4292,83,83,0
500218138,3462,2668,794,12732,8383,4349,1071,743,328
500218139,3500,3057,443,13723,8737,4986,42,0,42
500218140,3830,3006,824,12408,8064,4344,1027,724,303
500218141,5247,4122,1125,10849,7174,3675,1169,498,671
500218142,1903,1032,871,14217,9833,4384,1145,929,216
500218143,3690,2532,1158,13191,9067,4124,384,195,189
500218144,3575,2844,731,13601,8908,4693,89,42,47
500218145,4463,3361,1102,12477,8319,4158,325,114,211
500218146,4102,3235,867,12769,8381,4388,394,178,216
500218148,6931,5377,1554,9668,5944,3724,666,473,193
500218149,5106,3900,1206,11484,7511,3973,675,383,292
500218150,3119,2581,538,10801,6921,3880,3345,2292,1053
500218151,2841,2307,534,13518,8864,4654,906,623,283
500218152,4856,3726,1130,12121,7921,4200,288,147,141
500218153,2898,2277,621,13822,9191,4631,545,326,219
500218154,8145,6078,2067,8407,5272,3135,713,444,269
500218155,785,666,119,15816,10644,5172,664,484,180
500218156,4048,3396,652,13217,8398,4819,0,0,0
500218157,2507,1881,626,13942,9360,4582,816,553,263
500218158,2789,2455,334,14141,9004,5137,335,335,0
500218159,2009,1326,683,15207,10438,4769,49,30,19
500218160,5606,4204,1402,9065,5722,3343,2594,1868,726
500218161,4947,3737,1210,11994,7795,4199,324,262,62
500218162,7007,5273,1734,8831,5715,3116,1427,806,621
500218163,2569,2017,552,14228,9524,4704,468,253,215
500218164,502,415,87,15715,10461,5254,1048,918,130
500218165,3230,2531,699,12316,8458,3858,1719,805,914
500218166,3440,2537,903,11604,7885,3719,2221,1372,849
500218168,960,701,259,15817,10804,5013,488,289,199
500218169,480,362,118,16724,11371,5353,61,61,0
500218170,1806,1451,355,15023,10010,5013,436,333,103
500218175,3167,2598,569,13904,9071,4833,194,125,69
500218176,4148,3472,676,13117,8322,4795,0,0,0
500218177,3372,2706,666,12060,7634,4426,1833,1454,379
500220001,2001,1663,338,15209,10076,5133,56,56,0
500220002,1789,1565,224,15202,10055,5147,275,175,100
500220003,3390,2802,588,13876,8993,4883,0,0,0
500220004,2540,1538,1002,14726,10257,4469,0,0,0
500220005,1845,1253,592,15362,10491,4871,59,51,8
500220006,4503,3531,972,12731,8232,4499,32,32,0
500220007,3017,1871,1146,13506,9372,4134,743,552,191
500220008,3298,2304,994,13762,9341,4421,206,150,56
500220009,2313,1768,545,14927,10011,4916,26,16,10
500220010,3001,2512,489,13659,8854,4805,606,429,177
500220011,5579,4133,1446,11551,7568,3983,136,94,42
500220012,2635,1834,801,14500,9911,4589,131,50,81
500220013,11920,7997,3923,5311,3788,1523,35,10,25
500220014,464,392,72,16700,11301,5399,101,101,0
500220015,7478,5022,2456,9622,6617,3005,165,155,10
500220016,4388,3047,1341,12866,8736,4130,11,11,0
500220017,1515,1355,160,15734,10439,5295,16,0,16
500220019,4194,3423,771,12186,7806,4380,885,565,320
500223001,5696,3935,1761,11196,7723,3473,374,137,237
500223002,4624,3498,1126,12389,8050,4339,253,247,6
500223003,2262,1285,977,14783,10333,4450,221,177,44
500223004,3227,2346,881,13771,9181,4590,268,268,0
500223005,4896,3208,1688,12299,8516,3783,71,71,0
500223006,1249,940,309,15928,10803,5125,89,52,37
500223007,522,331,191,16359,11151,5208,385,313,72
500223008,3862,3078,784,11372,7314,4058,2032,1403,629
500223009,3245,2263,982,13823,9479,4344,198,53,145
500223010,2945,2218,727,14292,9577,4715,29,0,29
500223011,5065,3674,1391,12017,8021,3996,184,100,84
500223012,5146,3780,1366,12063,7982,4081,57,33,24
500223013,2855,2176,679,14068,9458,4610,343,161,182
500223014,1395,990,405,15281,10463,4818,590,342,248
500223015,1713,1341,372,14861,9881,4980,692,573,119
500223016,2195,950,1245,14922,10730,4192,149,115,34
500223017,1759,1291,468,15275,10426,4849,232,78,154
500223018,7231,5120,2111,10020,6662,3358,15,13,2
500223019,4676,3001,1675,12590,8794,3796,0,0,0
500223020,5074,4084,990,12105,7667,4438,87,44,43
500223021,5647,4184,1463,11542,7553,3989,77,58,19
500223022,5034,4087,947,12232,7708,4524,0,0,0
500223023,5159,3908,1251,12068,7871,4197,39,16,23
500223024,4002,3078,924,13113,8570,4543,151,147,4
500223025,2223,1847,376,14593,9693,4900,450,255,195
500223026,5771,4446,1325,11495,7349,4146,0,0,0
500223027,8411,5575,2836,8769,6149,2620,86,71,15
500223028,5620,4062,1558,11523,7707,3816,123,26,97
500223029,3757,2100,1657,13430,9690,3740,79,5,74
500223030,4572,3408,1164,12613,8334,4279,81,53,28
500223031,3783,2796,987,12749,8388,4361,734,611,123
500223032,17266,11795,5471,0,0,0,0,0,0
500223033,7217,5318,1899,9302,5867,3435,747,610,137
500223034,3171,2088,1083,13755,9495,4260,340,212,128
500223035,741,406,335,16209,11188,5021,316,201,115
500223036,1584,1130,454,15682,10665,5017,0,0,0
500223037,4619,3398,1221,12646,8396,4250,0,0,0
500223038,4824,3379,1445,12404,8378,4026,38,38,0
500223039,1417,1078,339,15657,10562,5095,192,155,37
500223040,3136,2626,510,14130,9169,4961,0,0,0
500223041,2720,1692,1028,11352,8771,2581,3193,1331,1862
500223042,2524,1985,539,13457,8867,4590,1284,942,342
500223043,5880,4657,1223,11156,6947,4209,229,190,39
500223044,4279,3109,1170,12986,8685,4301,0,0,0
500223045,407,138,269,16780,11607,5173,78,49,29
500223046,815,603,212,15931,10838,5093,519,353,166
500223047,2225,1653,572,14739,9938,4801,301,203,98
500223048,5604,3845,1759,11649,7937,3712,12,12,0
500223049,2225,1684,541,14699,9808,4891,341,302,39
500223050,4740,3203,1537,12207,8312,3895,318,279,39
500223051,936,579,357,14946,10138,4808,1383,1077,306
500223052,3838,2866,972,13235,8848,4387,192,80,112
500223053,2484,2104,380,14386,9522,4864,395,168,227
500223054,841,677,164,16145,10951,5194,279,166,113
500223055,1833,1218,615,15277,10491,4786,155,85,70
500223056,5860,4380,1480,11046,7055,3991,359,359,0
500223057,1694,1014,680,14635,10469,4166,936,311,625
500223058,6391,4639,1752,10651,7045,3606,223,110,113
500223059,1914,1203,711,14985,10342,4643,366,249,117
500223060,3170,2497,673,13786,9147,4639,309,150,159
500223061,1463,1057,406,15538,10548,4990,264,189,75
500223063,2323,1889,434,14942,9905,5037,0,0,0
500223064,5776,4326,1450,11306,7352,3954,183,116,67
500223065,4909,3065,1844,12349,8727,3622,7,2,5
500224001,0,0,0,17190,11719,5471,76,76,0
500224002,2530,1947,583,13239,8899,4340,1497,949,548
500224003,2453,1581,872,13165,9262,3903,1648,952,696
500224004,1065,730,335,13688,9240,4448,2513,1825,688
500225001,12053,7690,4363,5213,4105,1108,8991,5968,3023
500225002,1551,931,620,14160,10057,4103,1555,807,748
500225003,4023,3050,973,11501,7623,3878,1741,1121,620
500225004,9479,6068,3411,7487,5612,1875,9290,6082,3208
500226002,12,12,0,17242,11783,5459,12,0,12
500226003,3417,3033,384,13831,8744,5087,18,18,0
500226005,4118,2488,1630,12568,8732,3836,580,575,5
500226006,2671,1809,862,14247,9688,4559,348,298,50
500226007,9340,6229,3111,7387,5117,2270,9529,6416,3113
500226008,11271,7202,4069,5919,4517,1402,9066,6043,3023
500227001,4730,3545,1185,12212,7995,4217,324,255,69
500227002,2341,1311,1030,14780,10404,4376,145,80,65
500227003,3397,2360,1037,13385,9253,4132,484,182,302
500227004,4444,3176,1268,12769,8603,4166,53,16,37
500227005,4432,3544,888,12492,7996,4496,342,255,87
500227006,1709,1492,217,14405,9529,4876,1152,774,378
500227007,3048,2530,518,13955,9263,4692,263,2,261
500227008,3675,3084,591,13299,8451,4848,292,260,32
500227009,3976,3268,708,12898,8286,4612,392,241,151
500227010,3611,2569,1042,13398,9017,4381,257,209,48
500227011,2732,1976,756,14469,9805,4664,65,14,51
500227012,7944,5062,2882,9277,6688,2589,45,45,0
500227013,3153,2501,652,14087,9274,4813,26,20,6
500227014,2488,2095,393,14671,9674,4997,107,26,81
500227015,3078,2500,578,13496,8794,4702,692,501,191
500227016,3787,2896,891,13158,8586,4572,321,313,8
500227018,7444,5715,1729,9822,6080,3742,0,0,0
500227019,2249,1964,285,14986,9816,5170,31,15,16
500227020,4365,3010,1355,12644,8596,4048,257,189,68
500227021,2664,1612,1052,14573,10183,4390,29,0,29
500227022,3634,2760,874,13631,9034,4597,1,1,0
500227023,4001,2947,1054,13265,8848,4417,0,0,0
500227024,5075,3700,1375,11891,7860,4031,300,235,65
500227025,3002,2405,597,13835,8961,4874,429,429,0
500227026,3247,2416,831,14019,9379,4640,0,0,0
500227027,3052,2610,442,14186,9175,5011,28,10,18
500227028,649,299,350,16595,11474,5121,22,22,0
500227029,5849,4793,1056,10300,5892,4408,1117,1110,7
500227030,4011,3170,841,13230,8612,4618,25,13,12
500227031,3847,3082,765,13261,8586,4675,158,127,31
500227032,3631,2452,1179,13395,9103,4292,240,240,0
500227033,3837,2602,1235,13332,9109,4223,97,84,13
500227034,5989,4276,1713,10965,7237,3728,312,282,30
500227035,5736,4349,1387,10964,7214,3750,566,232,334
500227036,900,566,334,16142,11095,5047,224,134,90
500227037,2969,2678,291,13673,8621,5052,624,496,128
500227038,4239,3115,1124,12977,8642,4335,50,38,12
500227039,8156,5918,2238,9110,5877,3233,0,0,0
500227040,3949,2901,1048,13317,8894,4423,0,0,0
500227041,3819,2989,830,12316,7675,4641,1131,1131,0
500227042,3183,2251,932,14046,9507,4539,37,37,0
500227043,6698,5296,1402,10568,6499,4069,0,0,0
500227044,4508,3145,1363,12723,8615,4108,35,35,0
500227045,2221,1554,667,15030,10241,4789,15,0,15
500227046,816,559,257,16355,11230,5125,95,6,89
500227047,3547,2865,682,13719,8930,4789,0,0,0
500227048,617,315,302,16490,11327,5163,159,153,6
500227049,3768,3125,643,13416,8658,4758,82,12,70
500227050,3022,2885,137,10971,6687,4284,3273,2223,1050
500227051,3638,2859,779,13539,8905,4634,89,31,58
500227052,2955,2007,948,14091,9604,4487,220,184,36
500227053,10385,7552,2833,6855,4242,2613,26,1,25
500227054,7093,5421,1672,9122,5753,3369,1051,621,430
500227055,3407,2958,449,13344,8509,4835,515,328,187
500227056,3483,2654,829,13253,8930,4323,530,211,319
500227057,2122,1871,251,14439,9230,5209,705,694,11
500227058,2516,1835,681,13403,9119,4284,1347,841,506
500227059,3118,2402,716,13309,8840,4469,839,553,286
500227060,2286,2073,213,14945,9712,5233,35,10,25
500227061,2003,1081,922,15263,10714,4549,0,0,0
500227062,1198,903,295,16068,10892,5176,0,0,0
500227063,4696,3361,1335,12564,8428,4136,5,5,0
500227064,2947,2434,513,14231,9286,4945,87,74,13
500227065,4260,3376,884,12516,8025,4491,489,393,96
500227067,4445,3128,1317,11569,7830,3739,1251,836,415
500227068,6299,4703,1596,10850,7016,3834,116,75,41
500227070,4289,2951,1338,11978,8069,3909,998,774,224
500227071,5563,4145,1418,11382,7341,4041,320,308,12
500227072,6078,5421,657,9804,5357,4447,1383,1016,367
500227073,2833,2206,627,14166,9380,4786,266,208,58
500227074,4161,3427,734,12805,8183,4622,299,184,115
500227075,3611,2769,842,13381,8884,4497,273,141,132
500227076,6146,4437,1709,11085,7357,3728,34,0,34
500227077,877,230,647,16292,11486,4806,96,78,18
500227078,4365,3252,1113,12900,8542,4358,0,0,0
500227079,1968,1456,512,15297,10338,4959,0,0,0
500227080,4388,3537,851,12858,8243,4615,19,14,5
500227081,15523,10355,5168,1742,1439,303,0,0,0
500227082,1595,1134,461,15670,10660,5010,0,0,0
500227083,1,1,0,17264,11793,5471,0,0,0
500227084,442,414,28,16823,11380,5443,0,0,0
500227085,3008,2474,534,14242,9320,4922,15,0,15
500227086,675,450,225,15875,10743,5132,715,601,114
500227087,2772,2313,459,9826,5784,4042,4667,3697,970
500227088,896,687,209,16369,11107,5262,0,0,0
500227089,379,239,140,16479,11148,5331,407,407,0
500227090,3111,2277,834,14154,9517,4637,0,0,0
500227091,1691,1299,392,15574,10495,5079,0,0,0
500227092,3971,2406,1565,13284,9381,3903,10,7,3
500227093,3061,2257,804,14179,9512,4667,25,25,0
500227094,2897,1818,1079,14314,9938,4376,54,38,16
500227095,689,513,176,16576,11281,5295,0,0,0
500227096,2475,1821,654,14552,9846,4706,238,127,111
500227097,3686,3073,613,12932,8359,4573,647,362,285
500227098,4423,3240,1183,12842,8554,4288,0,0,0
500227099,2739,2197,542,13990,9209,4781,536,388,148
500227100,3034,2306,728,13973,9252,4721,258,236,22
500227103,2354,1987,367,14719,9769,4950,192,38,154
500227104,4813,3176,1637,11633,7978,3655,819,640,179
500227106,3454,2723,731,12816,8586,4230,995,485,510
500227107,4324,3191,1133,12766,8473,4293,175,130,45
500227113,5735,4629,1106,10065,6083,3982,1465,1082,383
500229001,3351,2561,790,13794,9154,4640,121,80,41
500229002,5247,4273,974,11995,7513,4482,24,9,15
500229003,6049,4957,1092,11164,6835,4329,53,3,50
500229004,5200,4572,628,11874,7166,4708,192,57,135
500229005,4444,3733,711,12664,7904,4760,158,158,0
500229006,3495,2866,629,13343,8691,4652,428,238,190
500229007,2997,2597,400,14102,9094,5008,167,104,63
500229008,8537,6473,2064,8729,5322,3407,0,0,0
500229009,5149,4094,1055,11550,7301,4249,567,400,167
500229010,1339,994,345,15668,10582,5086,259,219,40
500229011,4284,2904,1380,12677,8764,3913,305,127,178
500229012,3882,2778,1104,12991,8765,4226,393,252,141
500229013,6293,4218,2075,10862,7466,3396,111,111,0
500229014,2961,2530,431,14122,9245,4877,183,20,163
500229015,6034,4492,1542,10671,6950,3721,561,353,208
500229016,1643,1117,526,15503,10571,4932,120,107,13
500229017,4195,3732,463,13071,8063,5008,0,0,0
500229018,5277,3497,1780,11920,8229,3691,69,69,0
500229019,2440,1921,519,14392,9638,4754,434,236,198
500229020,4012,3417,595,13199,8337,4862,55,41,14
500229021,4709,3443,1266,12303,8283,4020,254,69,185
500229022,5621,3550,2071,11454,8054,3400,191,191,0
500229023,2602,1851,751,14564,9854,4710,100,90,10
500229024,5058,4017,1041,12127,7741,4386,81,37,44
500229025,5893,4912,981,11053,6680,4373,320,203,117
500229026,4668,3846,822,12598,7949,4649,0,0,0
500229027,3184,2778,406,13372,8586,4786,710,431,279
500229028,4406,3574,832,12408,8016,4392,452,205,247
500229029,4432,3686,746,12520,7889,4631,314,220,94
500229030,4531,3949,582,12621,7790,4831,114,56,58
500229031,6806,5231,1575,10416,6523,3893,44,41,3
500229032,2763,2334,429,13949,9080,4869,554,381,173
500229033,2827,2105,722,14206,9607,4599,233,83,150
500229034,626,549,77,16521,11204,5317,119,42,77
500229035,4335,3624,711,12895,8135,4760,36,36,0
500229036,2188,1691,497,14977,10043,4934,101,61,40
500229037,5759,3573,2186,10883,7673,3210,624,549,75
500229038,1998,1656,342,14464,9662,4802,804,477,327
500229039,6527,5118,1409,10343,6366,3977,396,311,85
500229040,4760,3870,890,12361,7794,4567,145,131,14
500229041,4038,2585,1453,13117,9102,4015,111,108,3
500229042,6537,4561,1976,10729,7234,3495,0,0,0
500229043,6202,4616,1586,11064,7179,3885,0,0,0
500229044,6177,4759,1418,10804,6921,3883,289,119,170
500229045,6147,4177,1970,10653,7175,3478,466,443,23
500229046,4410,2987,1423,12827,8782,4045,29,26,3
500229047,1535,1142,393,15730,10652,5078,1,1,0
500229048,3609,2686,923,13110,8671,4439,547,438,109
500229049,6692,5023,1669,10442,6660,3782,132,112,20
500229050,2755,1885,870,14461,9892,4569,50,18,32
500229051,1289,977,312,15638,10620,5018,339,198,141
500229052,1773,1023,750,15366,10664,4702,127,108,19
500229053,2221,2015,206,14839,9579,5260,206,201,5
500229054,4206,3262,944,12872,8436,4436,188,97,91
500229055,2585,1689,896,14531,9968,4563,150,138,12
500229056,2807,2543,264,14386,9202,5184,73,50,23
500229057,3477,3202,275,13577,8469,5108,212,124,88
500229058,4148,3453,695,13091,8333,4758,27,9,18
500229059,4902,4010,892,12290,7785,4505,74,0,74
500229060,1583,1254,329,15423,10323,5100,260,218,42
500229061,2991,2035,956,14213,9760,4453,62,0,62
500229062,1901,1677,224,15359,10112,5247,6,6,0
500229063,2684,2288,396,13948,9176,4772,634,331,303
500229064,5018,4212,806,12243,7578,4665,5,5,0
500229065,4129,2730,1399,12984,8912,4072,153,153,0
500229066,1515,852,663,15463,10713,4750,288,230,58
500229067,5584,3756,1828,11139,7693,3446,543,346,197
500229068,3294,2696,598,13179,8680,4499,793,419,374
500229071,4302,3792,510,12865,8003,4862,99,0,99
500229072,3909,3316,593,13356,8478,4878,1,1,0
500229073,1952,1402,550,14843,10000,4843,471,393,78
500229074,6488,4835,1653,9980,6185,3795,798,775,23
500229075,4592,3790,802,11248,7103,4145,1426,902,524
500229076,4770,3767,1003,12191,7841,4350,305,187,118
500229077,4142,3230,912,12720,8311,4409,404,254,150
500229078,5788,4358,1430,10563,6820,3743,919,621,298
500229079,5659,4283,1376,11517,7489,4028,90,23,67
500229080,3879,3204,675,12775,8288,4487,612,303,309
500229081,812,804,8,16288,10865,5423,166,126,40
500229082,4764,3944,820,11459,7071,4388,1043,780,263
500229083,7617,6646,971,9649,5149,4500,0,0,0
500229084,2925,2419,506,14125,9208,4917,216,168,48
500229085,3747,3026,721,13412,8703,4709,107,66,41
500229086,4337,3665,672,12353,7774,4579,575,355,220
500229087,2421,2015,406,13391,8904,4487,1454,876,578
500229088,5758,4921,837,11463,6873,4590,44,0,44
500229089,4635,3951,684,12314,7732,4582,316,111,205
500229090,4159,3483,676,11820,7493,4327,1286,818,468
500229091,4106,3260,846,13143,8518,4625,16,16,0
500229092,2252,1466,786,14676,10215,4461,337,113,224
500229093,1973,1080,893,15251,10673,4578,41,41,0
500229094,3559,2944,615,12969,8352,4617,737,498,239
500229095,7828,6397,1431,9256,5397,3859,181,0,181
500229096,4050,3061,989,12612,8359,4253,603,374,229
500229097,5022,4409,613,12243,7385,4858,0,0,0
500229098,2241,1856,385,14794,9829,4965,230,109,121
500229099,3998,3140,858,12937,8330,4607,330,324,6
500229100,4470,3541,929,12269,7826,4443,526,427,99
500229101,1440,982,458,15713,10700,5013,112,112,0
500229102,5508,4536,972,11459,7076,4383,298,182,116
500229103,2542,2196,346,14513,9436,5077,210,162,48
500229104,4503,2874,1629,12617,8815,3802,145,105,40
500229110,4300,3495,805,12536,7924,4612,429,375,54
500231001,3210,2784,426,13872,8926,4946,184,85,99
500231002,2186,1800,386,15045,9969,5076,35,26,9
500231003,4355,3575,780,12153,7481,4672,758,739,19
500231004,3589,2749,840,13667,9046,4621,10,0,10
500231005,1427,914,513,15805,10879,4926,34,2,32
500231006,8342,5946,2396,8924,5849,3075,0,0,0
500231007,4015,3173,842,12979,8560,4419,272,62,210
500231008,1261,933,328,15815,10672,5143,190,190,0
500231009,2215,1304,911,14440,10057,4383,611,434,177
500231010,1517,921,596,15693,10823,4870,56,51,5
500231011,5011,3085,1926,12255,8710,3545,0,0,0
500231012,6186,4591,1595,11035,7204,3831,45,0,45
500231013,3894,3042,852,13285,8701,4584,87,52,35
500231014,1345,785,560,15708,10896,4812,213,114,99
500231015,4559,3502,1057,12290,8002,4288,417,291,126
500231016,5694,4268,1426,11379,7450,3929,193,77,116
500231017,2045,1161,884,14821,10355,4466,400,279,121
500231018,2018,1282,736,15248,10513,4735,0,0,0
500231019,5436,4195,1241,11830,7600,4230,0,0,0
500231020,6693,4798,1895,9814,6454,3360,759,543,216
500231021,3607,2461,1146,13072,8809,4263,587,525,62
500231022,5008,3746,1262,12240,8046,4194,18,3,15
500231023,2038,1452,586,15212,10327,4885,16,16,0
500231024,5987,4435,1552,11246,7327,3919,33,33,0
500231025,2664,2253,411,14243,9517,4726,359,25,334
500231026,3881,2876,1005,13385,8919,4466,0,0,0
500231027,1454,641,813,15805,11148,4657,7,6,1
500231028,1980,1094,886,15226,10641,4585,60,60,0
500231029,3821,2564,1257,13404,9190,4214,41,41,0
500231030,3139,1916,1223,13916,9705,4211,211,174,37
500231031,6020,4029,1991,11192,7712,3480,54,54,0
500231032,638,285,353,16580,11476,5104,48,34,14
500231033,292,292,0,16963,11492,5471,11,11,0
500231034,1195,529,666,15887,11122,4765,184,144,40
500231035,1630,1155,475,14472,9963,4509,1164,677,487
500231036,3397,2481,916,13794,9239,4555,75,75,0
500231037,4278,3195,1083,12481,8348,4133,507,252,255
500231038,4597,3558,1039,12659,8227,4432,10,10,0
500231039,5474,3888,1586,11759,7874,3885,33,33,0
500231040,5753,3486,2267,11361,8161,3200,152,148,4
500231041,3894,3124,770,13130,8516,4614,242,155,87
500231042,1810,1412,398,15449,10376,5073,7,7,0
500231043,3048,2464,584,11992,8176,3816,2226,1155,1071
500231044,7265,5661,1604,10000,6133,3867,0,0,0
500231045,3828,3140,688,13432,8651,4781,5,3,2
500231046,7067,5182,1885,9556,6238,3318,642,374,268
500231047,1679,998,681,15547,10776,4771,39,20,19
500231048,1913,878,1035,14743,10335,4408,609,581,28
500231049,596,413,183,16663,11375,5288,6,6,0
500231050,1654,1048,606,15570,10746,4824,41,0,41
500231051,3996,3556,440,13269,8238,5031,0,0,0
500231052,1967,1470,497,14901,10084,4817,397,240,157
500231053,912,355,557,15896,11253,4643,457,186,271
500231055,442,196,246,16773,11548,5225,50,50,0
500231056,4756,4136,620,11670,7485,4185,839,173,666
500231057,863,581,282,16187,11084,5103,215,129,86
500231058,2163,633,1530,15102,11161,3941,0,0,0
500231059,2713,1426,1287,14277,10243,4034,275,125,150
500231060,3208,1507,1701,13436,9852,3584,621,435,186
500231061,1551,1048,503,15666,10723,4943,48,23,25
500231062,963,680,283,16279,11091,5188,23,23,0
500231063,3414,2730,684,13650,8894,4756,201,170,31
500231064,3978,3540,438,13157,8212,4945,130,42,88
500231065,4429,3200,1229,12803,8576,4227,33,18,15
500232001,10954,7207,3747,6280,4556,1724,9022,5999,3023
500232002,9278,6194,3084,7973,5586,2387,9005,5982,3023
500233001,4834,3652,1182,12279,8062,4217,153,81,72
500233002,3354,2500,854,13768,9203,4565,144,92,52
500233003,3795,2866,929,13449,8907,4542,22,22,0
500233004,4820,3701,1119,12364,8061,4303,82,33,49
500233005,2884,2036,848,14360,9749,4611,22,10,12
500233006,1023,662,361,16226,11124,5102,17,9,8
500233007,5595,3836,1759,11635,7959,3676,36,0,36
500233008,1113,984,129,16077,10780,5297,76,31,45
500233009,3965,3442,523,12982,8251,4731,319,102,217
500233010,9694,7264,2430,7572,4531,3041,0,0,0
500233011,17266,11795,5471,0,0,0,0,0,0
500233012,16388,11175,5213,878,620,258,0,0,0
500233013,7401,5130,2271,9865,6665,3200,0,0,0
500233014,6632,4369,2263,10615,7407,3208,19,19,0
500233015,4774,3371,1403,12048,7980,4068,444,444,0
500233016,4855,3327,1528,12374,8431,3943,37,37,0
500233017,3709,2718,991,13498,9072,4426,59,5,54
500233018,4517,3421,1096,12665,8350,4315,84,24,60
500233019,3725,3074,651,13380,8651,4729,161,70,91
500233020,7513,5024,2489,9753,6771,2982,0,0,0
500233021,5359,4239,1120,11817,7481,4336,90,75,15
500233022,3069,2334,735,14128,9406,4722,69,55,14
500233023,5195,4234,961,11845,7447,4398,226,114,112
500233024,4269,3138,1131,12756,8524,4232,241,133,108
500233025,2223,1551,672,14909,10191,4718,134,53,81
500233026,4001,3185,816,13223,8581,4642,42,29,13
500233027,5082,4007,1075,12184,7788,4396,0,0,0
500233028,5545,4087,1458,11706,7693,4013,14,14,0
500233029,8279,5987,2292,8636,5584,3052,350,223,127
500233030,3904,3333,571,13012,8180,4832,350,282,68
500233031,9015,6398,2617,8223,5386,2837,27,10,17
500233032,7755,4918,2837,9348,6714,2634,162,162,0
500233033,4115,3374,741,13061,8383,4678,89,37,52
500233034,1532,1184,348,15307,10532,4775,426,78,348
500233035,3149,2480,669,14042,9283,4759,74,31,43
500233036,2775,2154,621,14417,9621,4796,73,19,54
500233038,5669,4346,1323,11481,7447,4034,115,1,114
500233039,4907,3932,975,12211,7727,4484,147,135,12
500233040,5582,4281,1301,11538,7426,4112,145,87,58
500233041,5872,4713,1159,11037,6827,4210,356,254,102
500233042,5607,4542,1065,11556,7224,4332,102,28,74
500233044,5865,4115,1750,11397,7679,3718,3,0,3
500233045,5135,3816,1319,11828,7727,4101,302,251,51
500234001,2875,2533,342,14242,9185,5057,149,77,72
500234002,2274,2053,221,14871,9723,5148,121,19,102
500234003,4378,3380,998,12888,8415,4473,0,0,0
500234004,3200,2142,1058,14019,9653,4366,47,0,47
500234005,4641,3669,972,12428,7977,4451,197,149,48
500234006,3428,2401,1027,13580,9136,4444,258,258,0
500234007,4362,3131,1231,12739,8578,4161,165,86,79
500234008,1306,859,447,15960,10936,5024,0,0,0
500234009,1666,1300,366,15600,10495,5105,0,0,0
500234010,3579,3176,403,13687,8619,5068,0,0,0
500234011,2056,1442,614,15210,10353,4857,0,0,0
500234012,4692,3855,837,12574,7940,4634,0,0,0
500234013,3343,2690,653,13900,9082,4818,23,23,0
500234014,1155,1042,113,16111,10753,5358,0,0,0
500234015,2562,2319,243,14616,9437,5179,88,39,49
500234016,2097,1687,410,15147,10104,5043,22,4,18
500234017,1278,996,282,15929,10740,5189,59,59,0
500234018,241,0,241,16996,11795,5201,29,0,29
500234021,1866,1498,368,15400,10297,5103,0,0,0
500234022,2187,1692,495,15055,10103,4952,24,0,24
500234023,646,433,213,16620,11362,5258,0,0,0
500234024,1151,555,596,16022,11240,4782,93,0,93
500234025,3168,2365,803,13989,9321,4668,108,108,0
500234026,1146,392,754,15940,11239,4701,179,163,16
500234028,618,311,307,16637,11480,5157,10,3,7
500234029,380,6,374,16885,11788,5097,0,0,0
500234030,880,625,255,15407,10800,4607,1055,446,609
500234031,1957,1481,476,15243,10277,4966,65,36,29
500234032,650,470,180,16482,11191,5291,133,133,0
500234033,1920,1190,730,14926,10187,4739,419,417,2
500234034,2393,1271,1122,14634,10367,4267,238,156,82
500234035,1698,1246,452,15515,10500,5015,52,48,4
500234036,2256,1396,860,15009,10398,4611,0,0,0
500234037,2744,2177,567,14483,9617,4866,38,0,38
500234038,955,830,125,16310,10964,5346,0,0,0
500234039,3606,2077,1529,13659,9717,3942,0,0,0
